-23.199969 -19.999926       64
-23.199947 -19.200059       64
-23.199911 -18.400069       64
-23.199902 -17.600094       64
-23.199959 -16.799951       64
-23.199969 -15.999962       64
-23.200086 -15.200021       64
-22.399995 -19.999929       64
-22.400069 -19.200003       64
-22.400087 -18.400054       64
-22.399905 -17.599937       64
-22.399942 -16.799982       64
-22.400075 -15.999922       64
-22.399940 -15.200072       64
-22.400002 -14.400084       64
-22.399944 -13.600027       64
-22.399982 -12.799979       64
-22.399930 -12.000059       64
-22.399925 -11.200055       64
-22.399974 -10.399932       64
-22.400045  -9.600055       64
-22.400099  -8.799925       64
-22.400037  -8.000030       64
-22.399914  -7.199925       64
-22.399920  -6.400042       64
-21.599960 -19.999955       64
-21.599935 -19.200007       64
-21.599909 -18.400013       64
-21.599931 -17.599953       64
-21.600054 -16.799977       64
-21.599943 -16.000049       64
-21.599942 -15.199985       64
-21.599906 -14.400097       64
-21.600065 -13.599962       64
-21.599994 -12.800075       64
-21.600001 -12.000060       64
-21.599931 -11.200004       64
-21.599989 -10.400020       64
-21.600029  -9.599932       64
-21.599920  -8.799995       64
-21.599957  -8.000027       64
-21.600003  -7.199983       64
-21.600081  -6.399903       64
-21.600000  -5.600099       64
-21.599970  -4.799967       65
-21.599912  -4.000087       65
-21.599935  -3.200035       65
-21.599966  -2.399944       65
-21.600063  -1.600056       65
-21.600082  -0.799989       65
-21.599926  -0.000067       65
-21.599961   0.800056       65
-21.600041   1.599927       65
-21.599917   2.400065       65
-20.800022 -19.999960       64
-20.800013 -19.200032       64
-20.799940 -18.400049       64
-20.799934 -17.599922       64
-20.800050 -16.800025       64
-20.800013 -16.000052       64
-20.800070 -15.199961       64
-20.799919 -14.400016       64
-20.799958 -13.599974       64
-20.799903 -12.800079       64
-20.799929 -12.000074       64
-20.799941 -11.199933       64
-20.800015 -10.399944       64
-20.799917  -9.599902       64
-20.800077  -8.799935       64
-20.800088  -8.000057       64
-20.799963  -7.200056       64
-20.800032  -6.399928       64
-20.799919  -5.600097       64
-20.800097  -4.799900       65
-20.799983  -4.000090       65
-20.799962  -3.200034       65
-20.800047  -2.399914       65
-20.800024  -1.599961       65
-20.799949  -0.799957       65
-20.800085  -0.000018       65
-20.799958   0.799928       65
-20.799910   1.600014       65
-20.799937   2.400079       65
-20.800049   3.200016       65
-20.800028   3.999953       74
-20.800029   4.799950       74
-20.799921   5.599932       74
-20.799998   6.400017       74
-20.800085   7.200094       74
-20.800056   7.999919       74
-20.799921   8.800022       74
-20.799950   9.599991       74
-20.799999  10.399946       74
-20.799932  11.200019       74
-20.000072 -20.000045       64
-19.999944 -19.200004       64
-20.000002 -18.399998       64
-19.999993 -17.600013       64
-19.999980 -16.800096       64
-20.000058 -15.999955       64
-19.999989 -15.199918       64
-19.999921 -14.400090       64
-19.999994 -13.599904       64
-20.000053 -12.799987       64
-19.999962 -12.000097       64
-20.000096 -11.200023       64
-20.000022 -10.400072       64
-19.999943  -9.600076       64
-19.999982  -8.799918       64
-20.000081  -7.999919       64
-19.999931  -7.199970       64
-19.999943  -6.400084       64
-20.000045  -5.600061       65
-19.999943  -4.799927       65
-19.999981  -3.999986       65
-19.999916  -3.199916       65
-20.000030  -2.400007       65
-19.999925  -1.600010       65
-19.999920  -0.799975       65
-20.000094  -0.000000       65
-19.999901   0.800067       65
-19.999971   1.599908       65
-19.999951   2.399902       65
-20.000023   3.200021       65
-20.000062   4.000052       74
-19.999946   4.800003       74
-19.999919   5.599980       74
-19.999999   6.399978       74
-19.999908   7.200011       74
-20.000069   7.999901       74
-20.000055   8.799903       74
-19.999972   9.600017       74
-20.000056  10.399986       74
-19.999924  11.199945       74
-19.999920  12.000045       74
-20.000067  12.800059      112
-20.000040  13.600053      112
-19.999997  14.399967      112
-20.000012  15.200025      112
-19.999919  16.000026      112
-19.999951  16.800030      112
-20.000035  17.600032      112
-20.000025  18.399936      112
-20.000055  19.199941      112
-19.199990 -19.999936       64
-19.200080 -19.200047       64
-19.200041 -18.400014       64
-19.200059 -17.599935       64
-19.200092 -16.800058       64
-19.199908 -16.000067       64
-19.199959 -15.200083       64
-19.200092 -14.399932       64
-19.200022 -13.599973       64
-19.200065 -12.800003       64
-19.200034 -11.999941       64
-19.200077 -11.199952       64
-19.200022 -10.400035       64
-19.200040  -9.599963       64
-19.199994  -8.799980       64
-19.200050  -7.999942       64
-19.200051  -7.200037       64
-19.200011  -6.400024       64
-19.199981  -5.600096       65
-19.199908  -4.799908       65
-19.199906  -4.000078       65
-19.199924  -3.199964       65
-19.199975  -2.400005       65
-19.200046  -1.600020       65
-19.199972  -0.799924       65
-19.200033  -0.000045       65
-19.199923   0.799978       65
-19.200087   1.600001       65
-19.199995   2.400036       65
-19.200052   3.199964       65
-19.199907   4.000024       74
-19.200024   4.799936       74
-19.199957   5.599923       74
-19.199945   6.400048       74
-19.200018   7.199920       74
-19.200069   7.999992       74
-19.200033   8.799987       74
-19.200004   9.599928       74
-19.199961  10.400057       74
-19.199983  11.199963       74
-19.199965  12.000026       74
-19.199961  12.800091      112
-19.199913  13.600073      112
-19.200036  14.400096      112
-19.200025  15.199960      112
-19.200055  15.999965      112
-19.199954  16.799938      112
-19.200052  17.600036      112
-19.199971  18.400031      112
-19.200015  19.199989      112
-19.200009  19.999962      112
-19.199930  20.800087      112
-18.400021 -20.000051       64
-18.400032 -19.200053       64
-18.399903 -18.399909       64
-18.400077 -17.600094       64
-18.399975 -16.800088       64
-18.399904 -15.999961       64
-18.400084 -15.200055       64
-18.400011 -14.399991       64
-18.399946 -13.600062       64
-18.399975 -12.800099       64
-18.399938 -11.999907       64
-18.400009 -11.200038       64
-18.400017 -10.399953       64
-18.400004  -9.600093       64
-18.399969  -8.800043       64
-18.399904  -7.999940       64
-18.400035  -7.199926       64
-18.399968  -6.399993       64
-18.400052  -5.600021       65
-18.399969  -4.800031       65
-18.399997  -3.999915       65
-18.400022  -3.199972       65
-18.400083  -2.400055       65
-18.399978  -1.600078       65
-18.400032  -0.799992       65
-18.399912  -0.000070       65
-18.399994   0.800006       65
-18.400013   1.600078       65
-18.400045   2.399901       65
-18.400097   3.200093       65
-18.400100   3.999940       74
-18.399912   4.800012       74
-18.400045   5.600087       74
-18.400033   6.399983       74
-18.399962   7.200095       74
-18.399961   7.999963       74
-18.399999   8.800070       74
-18.400030   9.600042       74
-18.399903  10.399977       74
-18.400051  11.200099       74
-18.400017  12.000017       74
-18.400013  12.800094      112
-18.399918  13.599988      112
-18.400044  14.400001      112
-18.400078  15.199956      112
-18.399933  15.999907      112
-18.399970  16.800027      112
-18.400064  17.600010      112
-18.400081  18.400062      112
-18.399913  19.199981      112
-18.400044  20.000041      112
-18.400018  20.800032      112
-17.599927 -19.999943       64
-17.599921 -19.199905       64
-17.600000 -18.400085       64
-17.599930 -17.600099       64
-17.599922 -16.800011       64
-17.600087 -16.000081       64
-17.599970 -15.200052       64
-17.600040 -14.399932       64
-17.599988 -13.600078       64
-17.600074 -12.800086       64
-17.599932 -11.999946       64
-17.600032 -11.199977       64
-17.600067 -10.400067       64
-17.600033  -9.600010       64
-17.599955  -8.800005       64
-17.600068  -8.000044       64
-17.599979  -7.200029       64
-17.599980  -6.400094       64
-17.599911  -5.600046       65
-17.599958  -4.800064       65
-17.599927  -3.999943       65
-17.600077  -3.199977       65
-17.600027  -2.400030       65
-17.600024  -1.600058       65
-17.600086  -0.799971       65
-17.600050   0.000040       65
-17.600068   0.799900       65
-17.599973   1.600028       65
-17.600021   2.400081       65
-17.600012   3.200002       65
-17.600027   3.999998       74
-17.599907   4.800016       74
-17.600022   5.600068       74
-17.600018   6.399942       74
-17.599924   7.199942       74
-17.600059   8.000087       74
-17.600025   8.799931       74
-17.599991   9.599972       74
-17.599967  10.399940       74
-17.600036  11.200029       74
-17.600073  11.999924       74
-17.599906  12.800023      112
-17.599957  13.599945      112
-17.600100  14.400016      112
-17.600039  15.199948      112
-17.600025  16.000063      112
-17.599977  16.799927      112
-17.600069  17.599930      112
-17.600008  18.399986      112
-17.600022  19.200027      112
-17.599967  20.000050      112
-17.600041  20.800009      112
-16.799945 -20.000006       64
-16.799931 -19.199960       64
-16.800047 -18.399943       64
-16.799935 -17.599964       64
-16.799913 -16.800057       64
-16.800077 -15.999949       64
-16.800028 -15.200021       64
-16.800006 -14.399908       64
-16.800092 -13.600046       64
-16.800022 -12.800063       64
-16.799949 -12.000017       64
-16.800024 -11.200002       64
-16.800055 -10.399911       64
-16.799959  -9.599901       64
-16.799918  -8.800046       64
-16.800083  -8.000078       64
-16.799933  -7.199944       64
-16.799982  -6.400057       64
-16.799947  -5.600018       65
-16.800095  -4.799925       65
-16.800022  -3.999938       65
-16.799918  -3.199919       65
-16.800060  -2.399909       65
-16.799982  -1.599955       65
-16.800035  -0.799967       65
-16.800012   0.000089       65
-16.799929   0.799946       65
-16.800094   1.600008       65
-16.800054   2.400035       65
-16.799901   3.200037       65
-16.799978   4.000079       74
-16.800007   4.799948       74
-16.800028   5.600081       74
-16.800083   6.400065       74
-16.800027   7.200031       74
-16.800008   7.999997       74
-16.799964   8.800025       74
-16.799930   9.599904       74
-16.800099  10.400015       74
-16.800082  11.200065       74
-16.799908  12.000090      112
-16.800090  12.800056      112
-16.799931  13.599989      112
-16.799918  14.399936      112
-16.800017  15.199950      112
-16.799908  16.000049      112
-16.799943  16.800072      112
-16.800065  17.600053      112
-16.799961  18.400074      112
-16.800044  19.200038      112
-16.799961  20.000073      112
-16.799922  20.800046      112
-15.999917 -20.799988       64
-15.999969 -19.999934       64
-15.999975 -19.200022       64
-15.999921 -18.400045       64
-15.999987 -17.600001       64
-15.999940 -16.800031       64
-15.999950 -15.999966       64
-15.999913 -15.200052       64
-15.999989 -14.400079       64
-15.999919 -13.600088       64
-16.000096 -12.800054       64
-16.000087 -12.000056       64
-16.000031 -11.200038       64
-15.999908 -10.400095       64
-15.999956  -9.599926       64
-16.000090  -8.800088       64
-15.999971  -8.000055       64
-16.000068  -7.200065       64
-16.000073  -6.399913       64
-16.000025  -5.599900       65
-15.999994  -4.799970       65
-15.999953  -4.000093       65
-15.999934  -3.200089       65
-16.000015  -2.399913       65
-16.000021  -1.600059       65
-16.000052  -0.799986       65
-15.999953  -0.000009       65
-16.000069   0.800019       65
-15.999929   1.599955       65
-15.999936   2.399997       65
-15.999937   3.199956       65
-16.000032   4.000032       74
-16.000046   4.799905       74
-15.999958   5.600059       74
-16.000010   6.400070       74
-15.999961   7.200035       74
-15.999997   7.999927       74
-15.999944   8.799938       74
-16.000043   9.599934       74
-16.000021  10.400019       74
-16.000027  11.200026       74
-16.000073  12.000036      112
-16.000081  12.799976      112
-16.000085  13.600024      112
-16.000081  14.400031      112
-15.999967  15.199922      112
-16.000020  16.000054      112
-15.999994  16.800088      112
-15.999998  17.599961      112
-16.000049  18.400019      112
-15.999919  19.199987      112
-16.000056  19.999998      112
-15.999944  20.799942      112
-15.199913 -20.799962       64
-15.200069 -19.999942       64
-15.200014 -19.199912       64
-15.199930 -18.400068       64
-15.200045 -17.599992       64
-15.199972 -16.799945       64
-15.199936 -15.999999       64
-15.200099 -15.200031       64
-15.200073 -14.399947       64
-15.199906 -13.600088       64
-15.199979 -12.799962       64
-15.200039 -11.999971       64
-15.200092 -11.199941       64
-15.200028 -10.400094       64
-15.199990  -9.600066       64
-15.200046  -8.800077       64
-15.199959  -8.000009       64
-15.199932  -7.200064       64
-15.199994  -6.399956       64
-15.199917  -5.600045       65
-15.200011  -4.799974       65
-15.199941  -3.999945       65
-15.200059  -3.199965       65
-15.199998  -2.400040       65
-15.199982  -1.599971       65
-15.199977  -0.800018       65
-15.199922  -0.000087       65
-15.200047   0.800015       65
-15.199906   1.600060       65
-15.199927   2.399987       65
-15.200087   3.200017       65
-15.199927   4.000062       74
-15.199915   4.800054       74
-15.200028   5.600061       74
-15.200065   6.400007       74
-15.199903   7.200085       74
-15.199937   7.999976       74
-15.199998   8.800082       74
-15.199993   9.599946       74
-15.200013  10.399987       74
-15.199992  11.200051       74
-15.199976  11.999994      112
-15.200085  12.799922      112
-15.199942  13.600044      112
-15.200048  14.399915      112
-15.200078  15.200048      112
-15.199960  15.999928      112
-15.199931  16.799938      112
-15.200012  17.599963      112
-15.200025  18.399990      112
-15.200026  19.199959      112
-15.199979  19.999988      112
-15.199988  20.800029      112
-14.400038 -20.799959       64
-14.400029 -19.999915       64
-14.399937 -19.199928       64
-14.399973 -18.400040       64
-14.399946 -17.599993       64
-14.400085 -16.799977       64
-14.399902 -16.000069       64
-14.399929 -15.200057       64
-14.399982 -14.400053       64
-14.399959 -13.599940       64
-14.400021 -12.800060       64
-14.399921 -12.000055       64
-14.399906 -11.199953       64
-14.399953 -10.399934       64
-14.399909  -9.600049       64
-14.400041  -8.800093       64
-14.399967  -7.999975       64
-14.399918  -7.200041       64
-14.400076  -6.400014       64
-14.399963  -5.600038       65
-14.400023  -4.799940       65
-14.399997  -4.000068       65
-14.400019  -3.200017       65
-14.399992  -2.399913       65
-14.399921  -1.599993       65
-14.399995  -0.800039       65
-14.400001   0.000020       65
-14.400052   0.799920       65
-14.399989   1.599917       65
-14.399915   2.399909       65
-14.399915   3.199938       65
-14.400068   3.999949       74
-14.400070   4.799930       74
-14.400008   5.599997       74
-14.399947   6.399998       74
-14.400005   7.200097       74
-14.400033   8.000005       74
-14.400079   8.800023       74
-14.399957   9.600086       74
-14.399936  10.399941       74
-14.400037  11.200037      112
-14.399984  11.999968      112
-14.400064  12.799981      112
-14.399955  13.599943      112
-14.400041  14.400010      112
-14.400075  15.199934      112
-14.399943  15.999991      112
-14.399914  16.800088      112
-14.400048  17.599906      112
-14.400097  18.399902      112
-14.400066  19.199920      112
-14.400091  20.000048      112
-13.599916 -20.800018       64
-13.599920 -19.999931       64
-13.599918 -19.199995       64
-13.599925 -18.399938       64
-13.599939 -17.599994       64
-13.600061 -16.799958       64
-13.600033 -16.000058       64
-13.600079 -15.200055       64
-13.599959 -14.400013       64
-13.600081 -13.600053       64
-13.599909 -12.799945       64
-13.600021 -11.999958       64
-13.600089 -11.200040       64
-13.600003 -10.400070       64
-13.600009  -9.600067       64
-13.600088  -8.800081       64
-13.600020  -7.999928       64
-13.599989  -7.199911       64
-13.600056  -6.400010       64
-13.599902  -5.599970       65
-13.599910  -4.800032       65
-13.600040  -3.999948       65
-13.600044  -3.200079       65
-13.599918  -2.400040       65
-13.599990  -1.599953       65
-13.599965  -0.799942       65
-13.599907   0.000078       65
-13.599978   0.799941       65
-13.599929   1.599929       65
-13.600069   2.400066       65
-13.599988   3.199947       65
-13.599976   3.999912       74
-13.599952   4.800012       74
-13.600099   5.600012       74
-13.600047   6.399907       74
-13.600026   7.200066       74
-13.599932   8.000040       74
-13.600037   8.800060       74
-13.599949   9.600071       74
-13.600046  10.400100       74
-13.600050  11.199967      112
-13.600046  12.000095      112
-13.599918  12.799910      112
-13.600067  13.600078      112
-13.599905  14.400009      112
-13.600048  15.200019      112
-13.600099  15.999987      112
-13.600069  16.800054      112
-13.600095  17.599978      112
-13.600081  18.400017      112
-13.600087  19.200015      112
-13.599922  19.999946      112
-12.799916 -20.800086       64
-12.799980 -19.999944       64
-12.799984 -19.199995       64
-12.800018 -18.399948       64
-12.800044 -17.600055       64
-12.800006 -16.799910       64
-12.800006 -15.999941       64
-12.799968 -15.200023       64
-12.800061 -14.400007       64
-12.799933 -13.599975       64
-12.799911 -12.800002       64
-12.799962 -11.999909       64
-12.800048 -11.199973       64
-12.800074 -10.400067       64
-12.799925  -9.600034       64
-12.800065  -8.799929       64
-12.800098  -8.000009       64
-12.800039  -7.199909       64
-12.800043  -6.400060       64
-12.800099  -5.599957       65
-12.800064  -4.800058       65
-12.800024  -3.999968       65
-12.799939  -3.199989       65
-12.800031  -2.399983       65
-12.800032  -1.599995       65
-12.800078  -0.799940       65
-12.799968  -0.000099       65
-12.800040   0.800032       65
-12.800054   1.599955       65
-12.799973   2.399936       65
-12.799984   3.200091       65
-12.800027   3.999999       65
-12.800044   4.799913       74
-12.799996   5.599929       74
-12.800059   6.399907       74
-12.799909   7.199924       74
-12.800053   8.000085       74
-12.800072   8.800021       74
-12.800024   9.599951       74
-12.799903  10.399972      112
-12.799902  11.200097      112
-12.800011  11.999919      112
-12.799951  12.799926      112
-12.799991  13.599941      112
-12.799979  14.400019      112
-12.799924  15.199927      112
-12.800087  15.999944      112
-12.799974  16.799912      112
-12.800063  17.599977      112
-12.799961  18.400053      112
-12.799963  19.199906      112
-12.800096  20.000001      112
-12.000092 -20.799993       64
-11.999973 -19.999998       64
-12.000072 -19.200085       64
-11.999965 -18.399905       64
-11.999940 -17.599927       64
-12.000062 -16.799911       64
-11.999994 -15.999952       64
-11.999996 -15.200027       64
-11.999976 -14.400027       64
-12.000025 -13.599994       64
-12.000052 -12.799969       64
-11.999976 -12.000087       64
-12.000053 -11.199903       64
-11.999907 -10.400035       64
-12.000071  -9.599906       64
-11.999921  -8.800065       64
-12.000005  -8.000021       64
-11.999944  -7.199984       64
-11.999923  -6.400077       64
-12.000075  -5.599977       64
-12.000029  -4.799948       65
-12.000028  -3.999951       65
-11.999911  -3.199919       65
-12.000027  -2.399916       65
-11.999924  -1.599901       65
-12.000002  -0.800088       65
-12.000021  -0.000034       65
-12.000095   0.799954       65
-11.999926   1.599945       65
-11.999920   2.399995       65
-11.999948   3.199936       65
-11.999914   3.999956       65
-11.999913   4.800032       74
-12.000091   5.600060       74
-11.999915   6.399980       74
-12.000011   7.200007       74
-12.000031   8.000052       74
-11.999916   8.800073       74
-12.000020   9.600072       74
-11.999951  10.400076      112
-12.000007  11.199913      112
-11.999968  12.000030      112
-12.000086  12.799926      112
-11.999937  13.599972      112
-11.999981  14.399993      112
-11.999940  15.199911      112
-11.999978  16.000005      112
-12.000019  16.800089      112
-12.000038  17.600078      112
-11.999917  18.400019      112
-12.000076  19.199907      112
-11.999921  20.000064      112
-11.199979 -20.799984       64
-11.200021 -20.000052       64
-11.199962 -19.200090       64
-11.200098 -18.399997       64
-11.200013 -17.600004       64
-11.200100 -16.800095       64
-11.200020 -15.999924       64
-11.199998 -15.199989       64
-11.200076 -14.399947       64
-11.200023 -13.600077       64
-11.199920 -12.799910       64
-11.199979 -12.000034       64
-11.199978 -11.200090       64
-11.199924 -10.400020       64
-11.199997  -9.600084       64
-11.199914  -8.800098       64
-11.200019  -8.000094       64
-11.200031  -7.199937       64
-11.200026  -6.399917       64
-11.199998  -5.599972       64
-11.199984  -4.800045       65
-11.199981  -3.999960       65
-11.200038  -3.199953       65
-11.199979  -2.400003       65
-11.200064  -1.599932       65
-11.199937  -0.800084       65
-11.200028  -0.000044       65
-11.199944   0.800090       65
-11.199925   1.599989       65
-11.200085   2.400092       65
-11.200019   3.200048       65
-11.200089   3.999994       65
-11.200040   4.800069       74
-11.200044   5.599957       75
-11.199951   6.400027       75
-11.200024   7.199965       75
-11.199985   8.000025       75
-11.199911   8.800005       75
-11.200093   9.600098       75
-11.200094  10.400013      112
-11.199942  11.199934      112
-11.199995  12.000053      112
-11.199986  12.799948      112
-11.200085  13.600009      112
-11.200079  14.400092      112
-11.200037  15.200062      112
-11.199998  16.000044      112
-11.199990  16.799935      112
-11.199912  17.599940      112
-11.199913  18.400003      112
-11.199951  19.199935      112
-11.199980  20.000038      112
-10.399934 -20.000014       64
-10.399947 -19.200063       64
-10.400085 -18.399982       64
-10.400071 -17.600064       64
-10.399972 -16.800066       64
-10.399907 -15.999937       64
-10.400035 -15.199956       64
-10.399957 -14.399904       64
-10.400006 -13.600049       64
-10.400090 -12.800036       64
-10.400070 -11.999989       64
-10.400036 -11.200082       64
-10.400085 -10.400017       64
-10.400008  -9.599967       64
-10.400076  -8.800057       64
-10.400060  -7.999981       64
-10.400096  -7.200018       64
-10.400074  -6.400028       64
-10.400067  -5.600004       64
-10.400074  -4.799996       65
-10.399995  -4.000040       65
-10.400051  -3.200088       65
-10.399906  -2.399968       65
-10.400055  -1.599976       65
-10.399996  -0.800047       65
-10.400068   0.000093       65
-10.400068   0.799915       65
-10.399933   1.600050       65
-10.399911   2.399944       69
-10.400038   3.199915       69
-10.400005   3.999960       69
-10.400078   4.800023       75
-10.400100   5.600023       75
-10.399941   6.399952       75
-10.399971   7.199993       75
-10.399923   8.000035       75
-10.400029   8.799989       75
-10.400086   9.600004       75
-10.400046  10.400059      112
-10.399976  11.200076      112
-10.399976  12.000053      112
-10.399945  12.799958      112
-10.399997  13.600037      112
-10.400071  14.399935      112
-10.400043  15.199974      112
-10.400011  16.000053      112
-10.399958  16.800033      112
-10.399975  17.600077      112
-10.400032  18.399942      112
-10.399958  19.200070      112
-10.399972  20.000033      112
 -9.599929 -20.000044       64
 -9.599905 -19.199947       64
 -9.599955 -18.400049       64
 -9.599958 -17.599921       64
 -9.599914 -16.799945       64
 -9.599992 -15.999923       64
 -9.600030 -15.199932       64
 -9.599902 -14.400011       64
 -9.599935 -13.599957       64
 -9.599969 -12.800100       64
 -9.600052 -11.999902       64
 -9.600036 -11.200064       64
 -9.600089 -10.400048       64
 -9.599955  -9.599927       64
 -9.600022  -8.800003       64
 -9.599943  -7.999963       64
 -9.600006  -7.199936       64
 -9.599913  -6.399903       64
 -9.599944  -5.600071       50
 -9.599982  -4.799926       50
 -9.599998  -3.999923       50
 -9.599941  -3.199927       65
 -9.599906  -2.399932       65
 -9.599933  -1.600029       66
 -9.599970  -0.799915       66
 -9.600007   0.000085       66
 -9.599961   0.799916       69
 -9.600028   1.599908       69
 -9.599993   2.400011       69
 -9.599926   3.199912       69
 -9.600033   4.000076       69
 -9.599920   4.799930       75
 -9.600071   5.599961       75
 -9.600091   6.400079       75
 -9.600095   7.200062       75
 -9.599987   7.999979       75
 -9.599904   8.800045       75
 -9.599996   9.599997       75
 -9.599955  10.400068       75
 -9.599945  11.199925      112
 -9.599967  12.000070      112
 -9.599915  12.799960      112
 -9.599959  13.599960      112
 -9.600031  14.400062      112
 -9.600076  15.200027      112
 -9.600028  16.000047      112
 -9.600007  16.800085      112
 -9.600070  17.599967      112
 -9.599937  18.400020      112
 -9.600033  19.200094      112
 -9.599919  19.999903      112
 -8.800061 -19.199975       64
 -8.800097 -18.400088       64
 -8.800008 -17.600094       64
 -8.800087 -16.800063       64
 -8.800062 -16.000010       64
 -8.799908 -15.200080       64
 -8.800051 -14.400061       64
 -8.800090 -13.599945       64
 -8.800058 -12.800048       64
 -8.800027 -11.999935       64
 -8.800015 -11.199988       64
 -8.800097 -10.399984       64
 -8.799955  -9.599993       64
 -8.800067  -8.799909       64
 -8.800073  -7.999908       64
 -8.799964  -7.199913       50
 -8.800028  -6.400006       50
 -8.799981  -5.600080       50
 -8.800022  -4.799942       50
 -8.800060  -3.999941       50
 -8.799972  -3.200082       50
 -8.800023  -2.399959       66
 -8.799959  -1.600099       66
 -8.799971  -0.800004       66
 -8.799929   0.000047       66
 -8.799967   0.799975       69
 -8.800046   1.600070       69
 -8.800042   2.399946       69
 -8.799931   3.200007       69
 -8.799930   4.000016       69
 -8.800061   4.800086       69
 -8.799963   5.600018       75
 -8.799902   6.400052       75
 -8.800073   7.199969       75
 -8.800073   7.999960       75
 -8.800032   8.800043       75
 -8.799988   9.600058       75
 -8.800050  10.399922       75
 -8.800092  11.199911      112
 -8.800079  12.000000      112
 -8.799955  12.800046      112
 -8.799975  13.600082      112
 -8.800063  14.400058      112
 -8.800092  15.200072      112
 -8.800059  16.000009      112
 -8.799961  16.799959      112
 -8.800034  17.599988      112
 -8.799954  18.399998      112
 -8.799929  19.200042      112
 -8.800015  19.999905      112
 -7.999966 -19.200029       64
 -8.000002 -18.399900       64
 -8.000053 -17.599942       64
 -7.999921 -16.800024       64
 -8.000072 -16.000077       64
 -8.000077 -15.199948       64
 -8.000100 -14.399947       64
 -7.999996 -13.599977       64
 -7.999991 -12.799909       64
 -8.000042 -12.000042       64
 -8.000097 -11.200087       64
 -7.999935 -10.399947       59
 -7.999939  -9.599908       59
 -7.999931  -8.800026       59
 -7.999964  -8.000042       59
 -8.000037  -7.200000       50
 -7.999999  -6.400068       50
 -8.000035  -5.599994       50
 -7.999900  -4.800083       50
 -7.999950  -3.999938       50
 -7.999914  -3.199918       50
 -7.999968  -2.399992       66
 -7.999958  -1.600041       66
 -7.999972  -0.799980       66
 -7.999928   0.000094       66
 -7.999905   0.800055       69
 -7.999944   1.599995       69
 -8.000070   2.400000       69
 -7.999928   3.200035       69
 -7.999963   4.000069       69
 -7.999983   4.800050       69
 -8.000069   5.599925       75
 -8.000042   6.399932       75
 -7.999970   7.200059       75
 -7.999920   8.000080       75
 -8.000052   8.799920       75
 -8.000042   9.600063       75
 -8.000061  10.400048       75
 -7.999921  11.199974       95
 -8.000090  11.999923      112
 -8.000087  12.799949      112
 -8.000001  13.599961      112
 -8.000030  14.399964      112
 -7.999986  15.199986      112
 -7.999908  16.000054      112
 -7.999902  16.800010      112
 -8.000051  17.599934      112
 -7.999952  18.399906      112
 -7.999951  19.199933      112
 -8.000082  19.999919      112
 -7.200075 -19.199936       64
 -7.199914 -18.399909       64
 -7.199958 -17.600091       64
 -7.200060 -16.800076       64
 -7.199958 -16.000086       64
 -7.199935 -15.199918       64
 -7.200048 -14.399964       64
 -7.200031 -13.599945       64
 -7.200052 -12.799921       64
 -7.199956 -11.999922       59
 -7.199957 -11.199948       59
 -7.200024 -10.400001       59
 -7.199903  -9.600086       59
 -7.200069  -8.799930       59
 -7.200023  -7.999959       59
 -7.200083  -7.199944       50
 -7.200052  -6.399960       50
 -7.200013  -5.599949       50
 -7.199986  -4.800009       50
 -7.199982  -4.000028       50
 -7.200062  -3.200023       50
 -7.200073  -2.400036       66
 -7.200004  -1.600063       66
 -7.200073  -0.800089       66
 -7.199945  -0.000019       66
 -7.199973   0.799958       69
 -7.199997   1.599994       69
 -7.199986   2.400053       69
 -7.199991   3.199974       69
 -7.200012   3.999949       69
 -7.199922   4.800083       69
 -7.199992   5.600011       75
 -7.200083   6.399901       75
 -7.199971   7.200037       75
 -7.199963   8.000062       75
 -7.199937   8.799993       75
 -7.199958   9.599956       95
 -7.199953  10.400088       95
 -7.200027  11.200067       95
 -7.199940  12.000083       95
 -7.199922  12.800031      112
 -7.200014  13.599957      112
 -7.200083  14.399948      126
 -7.200032  15.199920      126
 -7.200026  16.000009      126
 -7.199920  16.799945      126
 -7.200037  17.600062      126
 -7.200080  18.400053      126
 -7.199980  19.200090      126
 -7.200098  19.999970      126
 -6.399959 -20.800025       63
 -6.399954 -19.999916       63
 -6.399995 -19.200074       63
 -6.399998 -18.399951       63
 -6.400028 -17.600013       63
 -6.400024 -16.800072       63
 -6.400021 -15.999984       63
 -6.400059 -15.199942       64
 -6.399905 -14.399995       64
 -6.400052 -13.599995       64
 -6.399966 -12.799985       59
 -6.399938 -12.000067       59
 -6.400098 -11.199957       59
 -6.399913 -10.400018       59
 -6.400056  -9.599925       59
 -6.399986  -8.799945       59
 -6.399972  -7.999987       59
 -6.399996  -7.199963       50
 -6.399948  -6.400059       50
 -6.399935  -5.600076       50
 -6.399969  -4.799995       50
 -6.400090  -4.000020       50
 -6.400074  -3.199943       50
 -6.399901  -2.400083       66
 -6.400099  -1.600050       66
 -6.400016  -0.799915       66
 -6.399971   0.000057       66
 -6.399909   0.800078       69
 -6.399970   1.600022       69
 -6.399937   2.399958       69
 -6.399941   3.199997       69
 -6.399987   4.000046       69
 -6.400081   4.799933       69
 -6.400041   5.600061       75
 -6.400040   6.399928       75
 -6.400094   7.199910       75
 -6.400064   8.000025       75
 -6.399993   8.799947       95
 -6.399914   9.600076       95
 -6.400012  10.399928       95
 -6.399990  11.200028       95
 -6.399910  12.000093       95
 -6.400081  12.800003       95
 -6.400051  13.600000      126
 -6.400060  14.399902      126
 -6.399970  15.200004      126
 -6.400070  15.999932      126
 -6.399995  16.799916      126
 -6.400027  17.600035      126
 -6.399906  18.399986      126
 -6.400046  19.200035      126
 -6.400040  19.999912      126
 -5.600039 -21.600077       63
 -5.600080 -20.800062       63
 -5.599956 -20.000034       63
 -5.599916 -19.200035       63
 -5.600038 -18.399960       63
 -5.599972 -17.600016       63
 -5.600043 -16.799914       63
 -5.600000 -16.000086       63
 -5.600025 -15.199985       63
 -5.600016 -14.399919       63
 -5.599912 -13.600041       63
 -5.599936 -12.800096       59
 -5.599965 -12.000013       59
 -5.599926 -11.200082       59
 -5.599915 -10.399949       59
 -5.599914  -9.599964       59
 -5.599992  -8.800006       59
 -5.599974  -7.999933       59
 -5.600093  -7.199948       59
 -5.600073  -6.400023       50
 -5.599950  -5.599974       50
 -5.600064  -4.800060       50
 -5.599922  -4.000095       50
 -5.599970  -3.200000       50
 -5.599988  -2.400077       60
 -5.600064  -1.600051       66
 -5.599912  -0.799945       66
 -5.600083  -0.000052       66
 -5.600048   0.800013       70
 -5.599993   1.600094       69
 -5.600065   2.399986       69
 -5.600023   3.200071       69
 -5.600045   4.000045       69
 -5.600084   4.800029       84
 -5.599959   5.600086       84
 -5.599954   6.400000       84
 -5.600070   7.199925       84
 -5.599957   7.999976       95
 -5.600091   8.800006       95
 -5.600061   9.599937       95
 -5.599951  10.400097       95
 -5.599997  11.199959       95
 -5.599954  12.000036       95
 -5.599918  12.800021       95
 -5.599977  13.600056      126
 -5.599969  14.400041      126
 -5.599943  15.200040      126
 -5.599916  15.999927      126
 -5.600048  16.799966      126
 -5.599914  17.600019      126
 -5.600061  18.400032      126
 -5.600099  19.199917      126
 -5.599919  20.000011      126
 -4.799972 -21.599978       63
 -4.799947 -20.800041       63
 -4.799966 -19.999998       63
 -4.799981 -19.199956       63
 -4.800059 -18.399923       63
 -4.800080 -17.600012       63
 -4.799982 -16.800067       63
 -4.800020 -15.999995       63
 -4.800053 -15.199938       63
 -4.799972 -14.400072       63
 -4.800061 -13.600016       63
 -4.800098 -12.799975       59
 -4.800061 -12.000082       59
 -4.800050 -11.200040       59
 -4.800027 -10.399942       59
 -4.800011  -9.600094       59
 -4.799946  -8.800027       59
 -4.799962  -7.999922       59
 -4.799964  -7.199951       59
 -4.800090  -6.400010       50
 -4.800097  -5.599970       50
 -4.799996  -4.799968       50
 -4.799933  -4.000052       50
 -4.800081  -3.200020       60
 -4.800086  -2.400007       60
 -4.800082  -1.599919       60
 -4.799990  -0.799910       61
 -4.799950  -0.000041       67
 -4.799942   0.799946       70
 -4.800094   1.599969       73
 -4.799926   2.399974       73
 -4.800038   3.199970       79
 -4.799983   4.000038       79
 -4.800034   4.799949       84
 -4.800035   5.599991       84
 -4.800063   6.399943       84
 -4.800038   7.199969       84
 -4.799939   8.000061       95
 -4.799904   8.800007       95
 -4.799950   9.599962       95
 -4.800056  10.400010       95
 -4.800024  11.199965       95
 -4.799915  12.000001       95
 -4.799930  12.800085       95
 -4.800080  13.599987      126
 -4.800034  14.400084      126
 -4.800095  15.199928      126
 -4.800038  16.000005      126
 -4.800067  16.799951      126
 -4.800036  17.599916      126
 -4.800057  18.400002      126
 -4.799965  19.200009      126
 -4.000030 -21.600005       63
 -3.999924 -20.800061       63
 -3.999927 -19.999996       63
 -3.999983 -19.200036       63
 -4.000063 -18.399995       63
 -4.000018 -17.600087       63
 -4.000059 -16.800090       63
 -4.000080 -15.999907       63
 -3.999964 -15.200093       63
 -4.000048 -14.400058       63
 -3.999932 -13.600012       63
 -3.999915 -12.799964       63
 -4.000095 -11.999974       59
 -4.000040 -11.199949       59
 -4.000013 -10.400026       59
 -3.999939  -9.600030       59
 -4.000088  -8.800022       59
 -4.000042  -7.999944       59
 -4.000033  -7.200022       59
 -3.999976  -6.399942       59
 -4.000097  -5.599960       50
 -3.999909  -4.800063       50
 -4.000060  -4.000005       50
 -3.999961  -3.200062       60
 -3.999910  -2.400071       60
 -4.000058  -1.600008       60
 -3.999969  -0.799910       61
 -4.000090  -0.000065       67
 -4.000063   0.799948       70
 -4.000016   1.599982       73
 -3.999997   2.399977       73
 -4.000073   3.200099       79
 -3.999972   3.999998       79
 -3.999926   4.799985       84
 -3.999956   5.600027       84
 -3.999948   6.399964       84
 -3.999932   7.200093       84
 -3.999947   7.999979       95
 -3.999945   8.799955       95
 -3.999951   9.599938       95
 -4.000034  10.399944       95
 -3.999993  11.199995       95
 -3.999932  11.999938       95
 -4.000057  12.799967      126
 -3.999957  13.600010      126
 -4.000027  14.400074      126
 -3.999960  15.200002      126
 -3.999945  15.999970      126
 -3.999962  16.799955      126
 -3.999916  17.600027      126
 -4.000023  18.399986      126
 -4.000092  19.200015      126
 -3.200058 -21.600055       63
 -3.200002 -20.799995       63
 -3.199920 -19.999969       63
 -3.199965 -19.199906       63
 -3.200035 -18.400067       63
 -3.200026 -17.600079       63
 -3.199979 -16.799954       63
 -3.199918 -15.999984       63
 -3.199974 -15.199934       63
 -3.200026 -14.399949       63
 -3.199960 -13.600058       63
 -3.199962 -12.800008       63
 -3.200012 -12.000099       59
 -3.200033 -11.199973       59
 -3.199970 -10.400091       59
 -3.199997  -9.599908       59
 -3.200098  -8.800090       59
 -3.200077  -8.000091       59
 -3.199933  -7.200099       59
 -3.200082  -6.400076       46
 -3.200068  -5.600071       46
 -3.200054  -4.800080       46
 -3.200010  -4.000019       46
 -3.199924  -3.200096       48
 -3.199945  -2.399954       52
 -3.199971  -1.600030       52
 -3.200003  -0.799978       54
 -3.200092  -0.000008       68
 -3.200073   0.800015       71
 -3.199987   1.600097       76
 -3.199931   2.399958       78
 -3.200011   3.199979       79
 -3.200060   4.000091       79
 -3.200068   4.799959       84
 -3.200065   5.600026       84
 -3.200095   6.400096       84
 -3.199940   7.199901       84
 -3.200074   8.000062       97
 -3.199955   8.799967       95
 -3.199921   9.600078       95
 -3.199973  10.400090       95
 -3.200060  11.200047       95
 -3.199943  11.999993       95
 -3.200076  12.799974      126
 -3.200055  13.600051      126
 -3.200051  14.399976      126
 -3.199986  15.199920      126
 -3.200045  16.000093      126
 -3.199964  16.800087      126
 -3.200023  17.600088      126
 -3.199988  18.400055      126
 -3.199946  19.199903      126
 -3.199906  19.999948      126
 -3.199937  20.800066      126
 -3.199997  21.600002      126
 -2.400049 -21.600062       63
 -2.399991 -20.800070       63
 -2.400083 -19.999910       63
 -2.400059 -19.200017       63
 -2.400009 -18.400014       63
 -2.400016 -17.600032       63
 -2.399938 -16.799997       63
 -2.400036 -16.000038       63
 -2.400046 -15.200059       63
 -2.400009 -14.399921       63
 -2.400014 -13.599928       63
 -2.399923 -12.800036       63
 -2.399966 -12.000020       63
 -2.400009 -11.200058       59
 -2.399980 -10.399949       59
 -2.400056  -9.599911       59
 -2.400081  -8.799945       59
 -2.399959  -8.000089       59
 -2.399933  -7.200040       46
 -2.400098  -6.399929       46
 -2.400037  -5.599947       46
 -2.400016  -4.800093       46
 -2.399939  -3.999981       47
 -2.400023  -3.200047       47
 -2.399920  -2.399936       48
 -2.400068  -1.600050       49
 -2.400015  -0.800020       51
 -2.400015  -0.000046       53
 -2.400076   0.799917       72
 -2.399970   1.599983       77
 -2.400077   2.400020       81
 -2.399961   3.199975       83
 -2.400099   3.999973       87
 -2.399925   4.799971       87
 -2.400058   5.599982       87
 -2.400093   6.399928       97
 -2.399996   7.199936       97
 -2.399917   7.999951       97
 -2.400036   8.800015       97
 -2.400066   9.600045       95
 -2.399943  10.400011       95
 -2.400082  11.200035       95
 -2.400017  11.999933      126
 -2.399959  12.800064      126
 -2.400001  13.599971      126
 -2.399979  14.400088      126
 -2.400076  15.199932      126
 -2.399920  16.000017      126
 -2.400030  16.799980      126
 -2.399942  17.599975      126
 -2.399993  18.399987      126
 -2.399915  19.200084      126
 -2.400099  19.999915      126
 -2.400023  20.799964      126
 -2.400070  21.600084      126
 -2.400076  22.400003      126
 -1.600021 -21.600010       63
 -1.600010 -20.799943       63
 -1.600084 -19.999948       63
 -1.600052 -19.200008       63
 -1.599997 -18.400056       63
 -1.599912 -17.599928       63
 -1.599923 -16.800041       63
 -1.599947 -15.999944       63
 -1.600046 -15.200070       63
 -1.599990 -14.400003       63
 -1.600006 -13.599995       63
 -1.599999 -12.799960       63
 -1.599908 -11.999900       63
 -1.599935 -11.200000       63
 -1.599916 -10.399929       56
 -1.599921  -9.600003       56
 -1.600037  -8.800071       56
 -1.600010  -8.000009       56
 -1.600097  -7.200024       46
 -1.599940  -6.400055       46
 -1.599926  -5.600004       46
 -1.599948  -4.800068       46
 -1.599937  -4.000099       47
 -1.599956  -3.199901       47
 -1.599971  -2.400043       44
 -1.599910  -1.599921       28
 -1.600035  -0.800075       25
 -1.600002  -0.000059       23
 -1.600042   0.800036       24
 -1.600042   1.599925       80
 -1.599947   2.400002       82
 -1.599938   3.199900       86
 -1.600063   4.000076       87
 -1.599938   4.799966       87
 -1.599927   5.599926       93
 -1.600051   6.400038       97
 -1.599938   7.199923       97
 -1.600080   8.000054       97
 -1.599963   8.799999       97
 -1.599989   9.600034       97
 -1.599901  10.399941      124
 -1.599936  11.200022      124
 -1.600026  11.999925      124
 -1.599921  12.799908      126
 -1.600084  13.599971      126
 -1.599952  14.399975      126
 -1.600059  15.199988      126
 -1.600004  15.999936      126
 -1.599978  16.799901      126
 -1.600042  17.599913      126
 -1.600007  18.400015      126
 -1.600095  19.199955      126
 -1.600043  19.999953      126
 -1.599938  20.800033      126
 -1.600065  21.600035      126
 -1.600074  22.400089      126
 -0.799998 -21.599942       63
 -0.799931 -20.800028       63
 -0.799955 -20.000034       63
 -0.800033 -19.199962       63
 -0.800061 -18.400030       63
 -0.799918 -17.600086       63
 -0.799928 -16.800004       63
 -0.800041 -16.000060       63
 -0.799917 -15.199912       63
 -0.799901 -14.399958       63
 -0.800051 -13.600094       63
 -0.800092 -12.800082       63
 -0.799933 -12.000060       63
 -0.800028 -11.200014       56
 -0.800092 -10.399940       56
 -0.799941  -9.599975       56
 -0.800084  -8.799987       56
 -0.799987  -8.000032       56
 -0.800011  -7.199950       56
 -0.800090  -6.400073       46
 -0.799954  -5.600070       46
 -0.799994  -4.800019       46
 -0.799941  -3.999953       43
 -0.800096  -3.200006       43
 -0.800021  -2.400095       29
 -0.799967  -1.599988       22
 -0.800078  -0.799927        5
 -0.799906  -0.000012        4
 -0.800046   0.799995        8
 -0.800022   1.600027       14
 -0.799981   2.399975       85
 -0.800089   3.200059       88
 -0.800067   4.000029       91
 -0.800031   4.800038       93
 -0.800091   5.599954       93
 -0.800063   6.400055       97
 -0.800047   7.199971       97
 -0.800031   8.000097       97
 -0.800024   8.800008       97
 -0.799919   9.599909      124
 -0.799922  10.399917      124
 -0.800074  11.199965      124
 -0.800002  11.999968      124
 -0.800021  12.799988      124
 -0.799969  13.600036      126
 -0.800082  14.400010      126
 -0.800008  15.199919      126
 -0.799928  16.000011      126
 -0.799952  16.800084      126
 -0.799978  17.599992      126
 -0.800084  18.400086      126
 -0.799946  19.199947      126
 -0.800083  20.000027      126
 -0.800026  20.799990      126
 -0.799976  21.599954      126
 -0.799903  22.400083      126
  0.000019 -21.599948       63
  0.000053 -20.799992       63
 -0.000048 -20.000047       63
 -0.000027 -19.199990       63
 -0.000087 -18.400070       63
 -0.000025 -17.600089       63
 -0.000099 -16.800058       63
  0.000041 -16.000016       63
  0.000078 -15.199995       63
  0.000005 -14.400020       63
  0.000030 -13.600045       63
  0.000051 -12.800054       63
  0.000048 -12.000007       63
  0.000093 -11.199964       56
 -0.000034 -10.399935       56
  0.000038  -9.599953       56
  0.000062  -8.799999       56
 -0.000028  -7.999947       56
  0.000001  -7.199952       56
  0.000032  -6.399967       45
 -0.000026  -5.600096       45
 -0.000097  -4.800061       45
 -0.000010  -4.000092       39
  0.000087  -3.199941       39
 -0.000064  -2.400014       26
 -0.000023  -1.599998       19
 -0.000094  -0.800058        3
  0.000054   0.000038        0
  0.000024   0.799985        6
 -0.000052   1.599976       10
 -0.000028   2.400052       89
 -0.000059   3.200061       90
 -0.000091   3.999929       91
  0.000078   4.800087       91
  0.000001   5.599928       93
 -0.000056   6.400023       97
 -0.000061   7.200083       97
 -0.000028   7.999963       97
 -0.000026   8.799948       97
 -0.000041   9.599996      124
  0.000097  10.399903      124
  0.000006  11.200022      124
  0.000028  11.999999      124
 -0.000015  12.800037      124
 -0.000100  13.599936      124
 -0.000005  14.399972      126
 -0.000068  15.200014      126
 -0.000010  15.999900      126
 -0.000028  16.799942      126
 -0.000071  17.600018      126
 -0.000063  18.400043      126
  0.000088  19.200014      126
 -0.000081  20.000063      126
 -0.000030  20.800063      126
 -0.000077  21.600051      126
  0.799986 -21.600015       63
  0.799943 -20.800099       63
  0.800086 -19.999930       63
  0.800072 -19.200100       63
  0.800023 -18.399978       63
  0.800048 -17.600071       63
  0.800079 -16.800065       63
  0.799957 -15.999902       63
  0.799918 -15.200098       63
  0.800028 -14.399981       63
  0.800084 -13.600048       63
  0.800021 -12.799934       63
  0.800063 -11.999976       63
  0.800008 -11.199977       56
  0.799948 -10.399922       56
  0.800042  -9.600072       56
  0.800053  -8.799906       56
  0.800018  -7.999961       56
  0.799948  -7.200039       56
  0.799927  -6.400069       45
  0.799933  -5.599909       45
  0.800055  -4.800048       45
  0.800042  -4.000087       38
  0.799924  -3.200012       38
  0.800058  -2.400032       27
  0.800068  -1.599947       18
  0.799922  -0.799920        2
  0.799917  -0.000053        1
  0.799981   0.799919        7
  0.800060   1.599921       11
  0.800048   2.400009       92
  0.800066   3.199978       94
  0.800016   3.999950       98
  0.800032   4.800079       99
  0.799943   5.600064       99
  0.800017   6.400076       99
  0.799951   7.199912      115
  0.800040   7.999956      115
  0.800031   8.799941      115
  0.799965   9.600042      124
  0.800034  10.400008      124
  0.799992  11.200070      124
  0.800090  11.999959      124
  0.800077  12.800036      124
  0.799908  13.599997      124
  0.799901  14.399990      126
  0.799986  15.200057      126
  0.800044  15.999980      126
  0.799920  16.800064      126
  0.800081  17.599922      126
  0.799953  18.400079      126
  0.800048  19.199949      126
  0.799919  19.999986      126
  0.800033  20.800021      126
  0.799958  21.600048      126
  1.600086 -21.600087       63
  1.599956 -20.800073       63
  1.599913 -19.999949       63
  1.599943 -19.200002       63
  1.599983 -18.400023       63
  1.599954 -17.599973       63
  1.599901 -16.800002       63
  1.600080 -16.000063       63
  1.599945 -15.200047       63
  1.600077 -14.400010       63
  1.599964 -13.600036       63
  1.599923 -12.800075       63
  1.600013 -12.000049       63
  1.599957 -11.200013       56
  1.600062 -10.400038       56
  1.600099  -9.600024       56
  1.600031  -8.799923       56
  1.600091  -8.000039       56
  1.599962  -7.200014       56
  1.600087  -6.399948       45
  1.599975  -5.599907       45
  1.600053  -4.800028       45
  1.600099  -3.999948       40
  1.599967  -3.199966       40
  1.600036  -2.399925       30
  1.599953  -1.600053       21
  1.600022  -0.799967       13
  1.599927  -0.000001        9
  1.599972   0.799979       12
  1.600081   1.600031       15
  1.599981   2.400095       96
  1.599976   3.199902      100
  1.600050   3.999996       98
  1.599941   4.799915       99
  1.600063   5.600024       99
  1.599956   6.400057      115
  1.600074   7.200059      115
  1.599942   8.000016      115
  1.599978   8.799920      115
  1.599932   9.600084      124
  1.600079  10.399974      124
  1.599964  11.199950      124
  1.600087  12.000012      124
  1.600047  12.799911      124
  1.599996  13.600084      124
  1.599951  14.399948      125
  1.600019  15.199940      125
  1.600041  16.000041      125
  1.600003  16.799977      126
  1.599985  17.599935      126
  1.599974  18.400042      126
  1.600066  19.200022      126
  1.599932  20.000058      126
  1.599988  20.800001      126
  1.600081  21.600044      126
  2.399997 -22.400077       63
  2.400017 -21.600008       63
  2.400058 -20.800092       63
  2.399932 -19.999974       63
  2.399901 -19.200041       63
  2.399986 -18.399975       63
  2.400044 -17.600038       63
  2.399981 -16.799903       63
  2.399960 -15.999993       63
  2.400018 -15.199954       63
  2.400052 -14.400004       63
  2.400061 -13.600030       63
  2.399976 -12.799995       63
  2.399952 -11.999930       63
  2.399906 -11.200042       63
  2.400070 -10.399964       56
  2.399975  -9.600056       56
  2.399993  -8.799950       56
  2.400080  -8.000055       56
  2.400023  -7.199934       55
  2.399931  -6.399900       55
  2.400093  -5.600033       55
  2.399963  -4.800056       42
  2.399923  -4.000007       42
  2.400079  -3.200087       42
  2.400005  -2.400066       35
  2.399952  -1.599990       31
  2.399971  -0.799982       20
  2.400077  -0.000093       17
  2.399925   0.799986       16
  2.399942   1.600094       34
  2.400052   2.399946      103
  2.400100   3.199932      106
  2.400005   4.000000      110
  2.400021   4.800028      110
  2.400018   5.600051      110
  2.399953   6.400096      115
  2.400026   7.199929      115
  2.399917   8.000066      115
  2.399913   8.799920      115
  2.399960   9.599990      115
  2.400004  10.400095      124
  2.400095  11.199918      124
  2.400050  11.999960      124
  2.399937  12.800035      124
  2.399976  13.600059      125
  2.400073  14.399930      125
  2.400070  15.200059      125
  2.399994  16.000016      125
  2.399906  16.799996      125
  2.400068  17.599942      125
  2.400001  18.400080      125
  2.399993  19.200050      125
  2.400096  19.999941      125
  2.399990  20.799920      125
  2.399937  21.600099      125
  3.200032 -22.399992       63
  3.200073 -21.600063       63
  3.200038 -20.800019       63
  3.200067 -20.000009       63
  3.199964 -19.200018       63
  3.200011 -18.400087       63
  3.200061 -17.599943       63
  3.200089 -16.800049       63
  3.200096 -15.999912       63
  3.200063 -15.199989       63
  3.200027 -14.399901       63
  3.200022 -13.600050       63
  3.200033 -12.800086       63
  3.200060 -12.000071       63
  3.199937 -11.199926       62
  3.199964 -10.399903       62
  3.199992  -9.600047       62
  3.200073  -8.800078       62
  3.199966  -7.999968       62
  3.200038  -7.200082       55
  3.200067  -6.399946       55
  3.200071  -5.600040       55
  3.199980  -4.799940       55
  3.199996  -4.000097       42
  3.199919  -3.199902       41
  3.199950  -2.399919       41
  3.199981  -1.600016       37
  3.199991  -0.800008       33
  3.199904  -0.000073       32
  3.199944   0.800016       36
  3.200022   1.599975      104
  3.199967   2.399967      109
  3.200082   3.200050      106
  3.199921   4.000076      110
  3.200063   4.799933      110
  3.199997   5.600010      110
  3.199957   6.399920      115
  3.200019   7.200021      115
  3.200087   8.000091      115
  3.199917   8.799974      115
  3.200054   9.600082      115
  3.199942  10.399986      124
  3.200038  11.199984      124
  3.199948  11.999961      125
  3.199927  12.800021      125
  3.200065  13.599924      125
  3.199904  14.399911      125
  3.199924  15.199975      125
  3.199955  15.999960      125
  3.199978  16.800040      125
  3.200034  17.600070      125
  3.200039  18.400076      125
  3.200072  19.199901      125
  3.200086  20.000088      125
  3.200008  20.800068      125
  3.199920  21.599969      125
  3.999989 -22.400020       63
  4.000053 -21.599922       63
  4.000026 -20.799961       63
  4.000075 -20.000087       63
  3.999975 -19.199948       63
  3.999937 -18.400055       63
  3.999936 -17.599999       63
  3.999926 -16.800024       63
  3.999980 -16.000030       63
  4.000006 -15.199954       63
  3.999917 -14.399992       63
  4.000002 -13.600065       63
  4.000056 -12.799933       63
  4.000073 -11.999988       62
  3.999975 -11.200081       62
  4.000015 -10.400045       62
  4.000045  -9.600033       62
  3.999951  -8.800019       62
  4.000032  -7.999940       62
  3.999995  -7.200068       55
  3.999974  -6.399958       55
  4.000062  -5.600041       55
  3.999992  -4.799987       55
  4.000058  -3.999930       57
  4.000060  -3.200049       57
  4.000061  -2.399980       58
  4.000088  -1.599990       58
  3.999967  -0.799994      102
  4.000096   0.000073      105
  3.999924   0.799928      108
  3.999985   1.600026      111
  3.999980   2.400047      116
  4.000016   3.199979      116
  4.000047   4.000041      110
  4.000094   4.800054      110
  4.000075   5.599938      110
  4.000059   6.400049      122
  4.000069   7.199979      115
  4.000051   7.999944      115
  3.999961   8.800057      115
  4.000057   9.599981      115
  3.999922  10.399966      125
  3.999964  11.199963      125
  4.000013  12.000078      125
  3.999920  12.800063      125
  4.000001  13.600020      125
  4.000096  14.399991      125
  3.999922  15.200029      125
  3.999935  16.000029      125
  3.999944  16.800015      125
  3.999964  17.599996      125
  3.999985  18.399903      125
  3.999965  19.199950      125
  3.999998  19.999990      125
  3.999964  20.799937      125
  3.999957  21.600064      125
  4.800010 -22.399946       63
  4.800005 -21.600014       63
  4.800046 -20.800092       63
  4.800034 -20.000069       63
  4.799907 -19.200051      118
  4.800040 -18.399997      118
  4.800055 -17.599915      118
  4.800050 -16.800096      118
  4.799937 -16.000034      118
  4.800072 -15.199939      118
  4.800020 -14.399939      118
  4.799907 -13.599934      118
  4.799932 -12.799989      118
  4.800093 -12.000054       62
  4.800083 -11.200096       62
  4.800067 -10.400040       62
  4.799986  -9.600099       62
  4.800063  -8.799920       62
  4.800046  -7.999915       62
  4.800095  -7.200087      101
  4.799905  -6.400081      101
  4.799946  -5.600076      101
  4.799959  -4.799934       57
  4.800012  -3.999975       57
  4.799988  -3.199905       57
  4.799933  -2.399931       58
  4.799900  -1.599949      107
  4.800035  -0.799907      107
  4.799961   0.000031      113
  4.800066   0.799933      113
  4.799913   1.600086      111
  4.799992   2.399968      116
  4.800078   3.199956      116
  4.800066   4.000051      116
  4.799971   4.800082      122
  4.799909   5.599975      122
  4.800015   6.399907      122
  4.799992   7.199991      122
  4.800019   8.000000      122
  4.800037   8.799907      122
  4.800089   9.599905      122
  4.799927  10.399997      125
  4.800026  11.200066      125
  4.799904  11.999968      125
  4.800058  12.800048      125
  4.800044  13.599989      125
  4.799918  14.399902      125
  4.799979  15.200095      125
  4.800010  16.000036      125
  4.800085  16.799946      125
  4.800030  17.599964      125
  4.799962  18.399978      125
  4.800022  19.199997      125
  4.799904  19.999905      125
  4.800083  20.800028      125
  4.800049  21.600097      125
  5.600095 -22.399924       63
  5.599945 -21.600050      118
  5.599946 -20.800092      118
  5.600026 -20.000006      118
  5.599999 -19.200007      118
  5.600073 -18.399967      118
  5.599983 -17.600075      118
  5.600084 -16.799958      118
  5.599986 -16.000065      118
  5.599977 -15.199941      118
  5.600010 -14.400005      118
  5.599994 -13.600030      118
  5.599987 -12.799921      118
  5.600063 -12.000041       62
  5.599986 -11.200015       62
  5.600082 -10.399977       62
  5.599967  -9.599970       62
  5.600069  -8.799986       62
  5.599909  -8.000033       62
  5.600057  -7.200045      101
  5.599914  -6.400057      101
  5.600090  -5.599995      101
  5.600098  -4.800020      101
  5.599969  -4.000071       57
  5.599919  -3.200089       57
  5.600047  -2.400029      114
  5.600040  -1.599973      107
  5.599996  -0.799965      107
  5.600097  -0.000083      113
  5.599990   0.800060      117
  5.599905   1.600001      117
  5.600063   2.400087      117
  5.599934   3.200033      116
  5.599906   4.000044      116
  5.600047   4.800075      122
  5.600011   5.599911      122
  5.600057   6.400034      122
  5.599934   7.200017      122
  5.599978   7.999992      122
  5.600025   8.800064      122
  5.599932   9.600026      122
  5.600002  10.399933      125
  5.599962  11.199974      125
  5.600071  12.000049      125
  5.599963  12.800044      125
  5.599952  13.600057      125
  5.599902  14.399949      125
  5.600055  15.199929      125
  5.599958  15.999954      125
  5.600014  16.800047      125
  5.599939  17.600009      125
  5.599956  18.399902      125
  5.600074  19.199997      125
  5.599961  20.000063      125
  5.600094  20.800095      125
  5.599902  21.599934      125
  6.400057 -22.400071      118
  6.399972 -21.599950      118
  6.399973 -20.799903      118
  6.399935 -19.999948      118
  6.399963 -19.200085      118
  6.400067 -18.399913      118
  6.399905 -17.599983      118
  6.399965 -16.800057      118
  6.399917 -15.999951      118
  6.400025 -15.200084      118
  6.399951 -14.400097      118
  6.399984 -13.599950      118
  6.400083 -12.799925      118
  6.399920 -11.999932      118
  6.400053 -11.199989       62
  6.400064 -10.400074       62
  6.400087  -9.599941       62
  6.400031  -8.799987       62
  6.399955  -7.999917      101
  6.399926  -7.200096      101
  6.399979  -6.399922      101
  6.399906  -5.600079      101
  6.400052  -4.799996      101
  6.399948  -3.999963       57
  6.400012  -3.200083      114
  6.399923  -2.399916      114
  6.399990  -1.600057      114
  6.400087  -0.800054      114
  6.400097  -0.000080      119
  6.399919   0.800077      117
  6.399936   1.599972      117
  6.400087   2.400007      117
  6.399931   3.200000      123
  6.400003   4.000076      123
  6.399989   4.800033      122
  6.400041   5.600001      122
  6.399949   6.400015      122
  6.400009   7.199983      122
  6.400040   8.000090      122
  6.400039   8.800083      122
  6.400043   9.600094      122
  6.400075  10.400039      125
  6.400067  11.200097      125
  6.400023  11.999947      125
  6.399964  12.799913      125
  6.400064  13.599928      125
  6.400073  14.399922      125
  6.399954  15.199909      125
  6.399952  15.999936      125
  6.400075  16.800081      125
  6.400028  17.599901      125
  6.399947  18.399953      125
  6.400005  19.200011      125
  6.399946  19.999988      125
  6.400084  20.800034      125
  6.400024  21.599987      125
  7.200004 -22.400091      118
  7.200078 -21.600070      118
  7.200036 -20.799906      118
  7.199914 -20.000023      118
  7.199930 -19.200066      118
  7.199959 -18.399919      118
  7.200055 -17.599973      118
  7.200005 -16.799903      118
  7.200090 -15.999927      118
  7.200005 -15.200059      118
  7.199999 -14.399902      118
  7.199994 -13.600021      118
  7.200039 -12.799908      118
  7.200054 -11.999958      118
  7.199936 -11.199968      118
  7.199920 -10.400034      120
  7.200058  -9.599988      120
  7.200040  -8.800012      120
  7.200099  -8.000009      120
  7.199985  -7.199921      101
  7.199967  -6.399966      101
  7.199940  -5.599939      101
  7.200100  -4.800055      101
  7.200004  -3.999959      121
  7.199946  -3.200021      114
  7.199925  -2.400004      114
  7.200031  -1.599920      114
  7.200017  -0.799939      119
  7.199901  -0.000097      119
  7.200082   0.799938      119
  7.200082   1.599982      117
  7.199968   2.399982      117
  7.199926   3.200085      123
  7.199981   3.999931      123
  7.200042   4.799941      123
  7.199994   5.599953      122
  7.200092   6.400069      122
  7.199946   7.199942      122
  7.199916   8.000090      122
  7.200047   8.799981      122
  7.199901   9.600079      122
  7.199918  10.399977      125
  7.199953  11.199933      125
  7.199900  11.999916      125
  7.200089  12.800020      125
  7.200029  13.599951      125
  7.199932  14.400052      125
  7.199971  15.199999      125
  7.200083  15.999910      125
  7.200007  16.799968      125
  7.199956  17.599909      125
  7.200017  18.399919      125
  7.199992  19.200077      125
  7.199973  20.000064      125
  7.200005  20.799929      125
  7.200097  21.599974      125
  8.000056 -20.799939      118
  7.999918 -19.999902      118
  7.999901 -19.199980      118
  8.000028 -18.399989      118
  8.000005 -17.600074      118
  7.999954 -16.800094      118
  7.999934 -16.000049      118
  8.000048 -15.199956      118
  7.999939 -14.399968      118
  7.999907 -13.599930      118
  7.999923 -12.800060      118
  7.999900 -11.999984      118
  7.999965 -11.200063      120
  8.000082 -10.399980      120
  8.000010  -9.599920      120
  8.000022  -8.800079      120
  8.000037  -8.000046      120
  7.999913  -7.200089      120
  8.000030  -6.400055      120
  7.999944  -5.600054      121
  8.000012  -4.800057      121
  8.000022  -4.000012      121
  8.000065  -3.199915      121
  7.999915  -2.400094      121
  8.000076  -1.600067      121
  7.999930  -0.800025      119
  7.999951   0.000047      119
  8.000045   0.800003      119
  8.000037   1.599948      123
  7.999918   2.400075      123
  7.999978   3.199985      123
  7.999944   3.999903      123
  8.000085   4.799913      123
  8.000099   5.600021      123
  8.000091   6.400082      122
  8.000057   7.199997      122
  7.999997   7.999919      122
  8.000084   8.799974      122
  8.000020   9.599953      122
  8.000043  10.399907      125
  7.999945  11.199963      125
  7.999918  12.000005      125
  7.999914  12.799985      125
  7.999994  13.600021      125
  8.000005  14.400083      125
  7.999963  15.199951      125
  7.999960  16.000004      125
  8.000095  16.799941      125
  8.000026  17.600013      125
  7.999991  18.400047      125
  8.000051  19.199973      125
  8.000066  19.999977      125
  8.000071  20.800063      125
  7.999956  21.600064      125
  8.800057 -17.599991      118
  8.799913 -16.799953      118
  8.800076 -15.999983      118
  8.799994 -15.199949      118
  8.799984 -14.400041      118
  8.799970 -13.600034      118
  8.800070 -12.800028      118
  8.800019 -12.000000      118
  8.799955 -11.199913      120
  8.799988 -10.399950      120
  8.800007  -9.600069      120
  8.800029  -8.799965      120
  8.799961  -8.000065      120
  8.799908  -7.200049      120
  8.799973  -6.400063      120
  8.799922  -5.600086      121
  8.799906  -4.799996      121
  8.799948  -4.000007      121
  8.799961  -3.200029      121
  8.799906  -2.399987      121
  8.799926  -1.599968      121
  8.800097  -0.800051      119
  8.800061   0.000007      119
  8.799911   0.799939      119
  8.799968   1.600074      123
  8.799994   2.400049      123
  8.800035   3.200043      123
  8.799982   4.000070      123
  8.799917   4.799937      123
  8.800014   5.600036      123
  8.800082   6.400076      123
  8.800079   7.200058      122
  8.800074   8.000011      122
  8.800020   8.800044      122
  8.799992   9.599993      129
  8.800080  10.399958      129
  8.800097  11.200099      125
  8.800086  11.999992      125
  8.800095  12.799998      125
  8.800014  13.600068      125
  8.799988  14.400067      125
  8.800038  15.200004      125
  8.799904  16.000095      125
  8.800071  16.800022      125
  8.800089  17.600080      125
  8.799989  18.399923      125
  8.799933  19.200031      125
  8.799993  20.000012      125
  8.799968  20.800069      125
  9.599920 -18.399906      118
  9.599906 -17.600041      118
  9.599913 -16.799968      118
  9.600071 -16.000047      118
  9.599956 -15.200022      118
  9.600024 -14.400090      118
  9.599954 -13.600090      118
  9.599903 -12.800083      118
  9.600046 -11.999902      118
  9.599974 -11.199990      120
  9.600091 -10.399946      120
  9.600025  -9.599948      120
  9.600029  -8.800076      120
  9.599966  -8.000042      120
  9.600023  -7.200012      120
  9.600091  -6.399948      120
  9.600036  -5.599956      121
  9.599930  -4.800054      121
  9.599922  -4.000031      121
  9.599970  -3.200031      121
  9.600022  -2.399954      121
  9.600100  -1.599925      121
  9.600041  -0.799918      121
  9.600096  -0.000045      119
  9.599985   0.799926      123
  9.600076   1.599941      123
  9.599925   2.399936      123
  9.599959   3.199971      123
  9.600025   3.999927      123
  9.599957   4.800009      123
  9.599952   5.599935      123
  9.599973   6.399969      123
  9.600008   7.199964      123
  9.600061   7.999943      129
  9.599941   8.800004      129
  9.599946   9.599931      129
  9.599994  10.399952      129
  9.599913  11.199999      129
  9.599982  11.999933      129
  9.599935  12.799917      125
  9.599986  13.600032      125
  9.600094  14.400006      125
  9.599917  15.200043      125
  9.600021  16.000080      125
  9.600019  16.799963      125
  9.599982  17.599993      125
  9.600039  18.399907      125
  9.600064  19.199978      125
  9.599936  20.000004      125
  9.600070  20.799903      125
 10.399984 -19.199930      118
 10.399961 -18.399918      118
 10.400000 -17.599965      118
 10.400018 -16.799955      118
 10.399937 -16.000030      118
 10.399947 -15.200054      118
 10.399942 -14.399928      118
 10.399910 -13.600078      118
 10.400038 -12.800001      118
 10.399919 -11.999997      118
 10.399907 -11.200093      120
 10.400000 -10.399959      120
 10.400050  -9.599909      120
 10.399962  -8.799926      120
 10.399992  -8.000054      120
 10.400054  -7.199972      120
 10.400052  -6.399969      120
 10.399945  -5.600087      121
 10.400057  -4.800086      121
 10.399995  -3.999957      121
 10.400039  -3.199981      121
 10.399923  -2.399982      121
 10.399993  -1.600010      121
 10.399978  -0.800067      121
 10.399915  -0.000005      121
 10.400003   0.799993      123
 10.400087   1.599983      123
 10.400059   2.400093      123
 10.400013   3.200076      123
 10.400049   3.999932      123
 10.400011   4.800016      123
 10.400039   5.599956      123
 10.399919   6.399975      123
 10.400016   7.200089      123
 10.399956   7.999922      129
 10.399903   8.799965      129
 10.400064   9.599912      129
 10.400045  10.399918      129
 10.400006  11.199958      129
 10.400033  12.000030      129
 10.399964  12.800098      129
 10.400100  13.599954      125
 10.399916  14.400003      125
 10.399979  15.199931      125
 10.400022  15.999966      125
 10.399916  16.799950      125
 10.399960  17.600033      125
 10.400010  18.400017      125
 10.400075  19.200099      125
 10.400022  19.999954      125
 10.399938  20.800046      125
 11.200086 -19.999963      118
 11.200083 -19.199944      118
 11.199941 -18.400080      118
 11.199973 -17.599961      118
 11.199919 -16.799901      118
 11.199949 -15.999970      118
 11.200076 -15.200075      118
 11.200081 -14.400064      118
 11.199996 -13.600014      118
 11.200067 -12.799961      118
 11.199900 -12.000070      118
 11.200029 -11.199938      120
 11.199968 -10.400071      120
 11.199908  -9.599912      120
 11.200079  -8.800059      120
 11.199943  -7.999943      120
 11.199992  -7.200056      120
 11.199987  -6.399949      120
 11.199994  -5.600054      121
 11.200061  -4.799971      121
 11.200038  -3.999932      121
 11.199988  -3.199961      121
 11.199912  -2.400044      121
 11.200057  -1.600013      121
 11.199917  -0.799966      121
 11.200043  -0.000045      121
 11.200034   0.800009      123
 11.200047   1.600096      123
 11.200000   2.399988      123
 11.200028   3.200073      123
 11.200020   3.999949      123
 11.200026   4.799928      123
 11.199918   5.600071      123
 11.199925   6.400047      123
 11.199989   7.200020      129
 11.199915   8.000067      129
 11.200079   8.800036      129
 11.199953   9.599989      129
 11.200045  10.400089      129
 11.200050  11.200043      129
 11.200060  12.000071      129
 11.199911  12.799969      129
 11.199945  13.599978      129
 11.199920  14.399982      129
 11.199921  15.199991      129
 11.199998  16.000026      125
 11.199905  16.800086      125
 11.200041  17.599970      125
 11.200014  18.400012      125
 11.200030  19.200090      125
 11.200087  19.999908      125
 12.000085 -19.999933      118
 11.999985 -19.199919      118
 12.000096 -18.400035      118
 12.000081 -17.599981      118
 11.999922 -16.799912      118
 12.000025 -16.000031      118
 12.000010 -15.200058      118
 11.999963 -14.400056      118
 11.999909 -13.599966      118
 12.000002 -12.800058      128
 11.999982 -11.999931      128
 11.999916 -11.199971      120
 11.999931 -10.400097      120
 11.999994  -9.599939      120
 11.999909  -8.800052      120
 11.999940  -7.999939      120
 12.000092  -7.200099      120
 11.999978  -6.399997      120
 12.000005  -5.600027      121
 11.999994  -4.799974      121
 12.000040  -4.000022      121
 12.000025  -3.200001      121
 11.999920  -2.400030      121
 12.000035  -1.600034      121
 12.000086  -0.799972      121
 11.999918  -0.000051      127
 11.999969   0.800024      123
 12.000007   1.600016      123
 11.999922   2.399980      123
 12.000022   3.200099      123
 12.000083   4.000084      123
 11.999955   4.799918      123
 12.000017   5.599956      123
 12.000074   6.399969      123
 11.999999   7.200014      129
 12.000001   8.000068      129
 12.000023   8.800096      129
 11.999924   9.599943      129
 11.999901  10.400025      129
 12.000030  11.199956      129
 11.999931  11.999992      129
 11.999945  12.799987      129
 12.000002  13.599973      129
 11.999903  14.400011      129
 11.999966  15.200087      129
 12.000001  16.000050      129
 12.000025  16.800059      129
 12.000063  17.600029      129
 11.999951  18.400039      129
 12.000088  19.199967      129
 11.999983  20.000074      129
 12.000053  20.800034      129
 12.799964 -20.000000      118
 12.800086 -19.199922      118
 12.799929 -18.399958      118
 12.799906 -17.600076      118
 12.800032 -16.800087      118
 12.800085 -15.999987      128
 12.799915 -15.200075      128
 12.800064 -14.399961      128
 12.799905 -13.600018      128
 12.799972 -12.800040      128
 12.799946 -12.000011      128
 12.799942 -11.200063      128
 12.800071 -10.399976      128
 12.800000  -9.600056      120
 12.799934  -8.799974      120
 12.800013  -7.999947      120
 12.799968  -7.200010      120
 12.800080  -6.399928      120
 12.800005  -5.599949      127
 12.799986  -4.799926      121
 12.800063  -3.999985      121
 12.800032  -3.200051      121
 12.800099  -2.400075      121
 12.799975  -1.599953      127
 12.799920  -0.800090      127
 12.799928   0.000020      127
 12.799924   0.799976      127
 12.799904   1.600009      123
 12.800009   2.399926      123
 12.800052   3.199914      123
 12.799907   4.000085      123
 12.800054   4.800084      123
 12.800052   5.599927      123
 12.799915   6.400037      129
 12.800095   7.199988      129
 12.800041   7.999921      129
 12.799919   8.800038      129
 12.799962   9.600078      129
 12.799962  10.400082      129
 12.799921  11.199937      129
 12.800009  11.999933      129
 12.800049  12.800074      129
 12.800044  13.599972      129
 12.800003  14.399986      129
 12.800051  15.200093      129
 12.799987  15.999991      129
 12.800035  16.799929      129
 12.799905  17.599915      129
 12.800097  18.399985      129
 12.800013  19.199954      129
 12.799937  19.999946      129
 12.799955  20.800068      129
 13.599944 -19.999951      128
 13.599981 -19.200006      128
 13.599937 -18.399993      128
 13.599993 -17.600042      128
 13.599928 -16.800007      128
 13.599939 -15.999905      128
 13.600038 -15.200034      128
 13.600088 -14.399984      128
 13.599991 -13.599998      128
 13.600061 -12.800080      128
 13.600000 -12.000096      128
 13.599926 -11.199948      128
 13.600002 -10.400089      128
 13.600047  -9.599948      128
 13.600012  -8.800044      128
 13.600074  -7.999938      128
 13.599905  -7.200057      127
 13.600014  -6.400023      127
 13.600065  -5.599984      127
 13.599915  -4.799950      127
 13.599902  -4.000041      127
 13.600053  -3.199969      127
 13.600038  -2.399956      127
 13.599911  -1.599921      127
 13.600055  -0.799991      127
 13.599949   0.000039      127
 13.600034   0.800065      127
 13.600043   1.600087      127
 13.600071   2.399983      127
 13.600078   3.199994      123
 13.599928   4.000058      123
 13.599937   4.800031      129
 13.599994   5.599919      129
 13.599976   6.400046      129
 13.599935   7.200037      129
 13.599928   7.999993      129
 13.600079   8.799968      129
 13.600000   9.599942      129
 13.600094  10.400083      129
 13.599969  11.200085      129
 13.599925  12.000038      129
 13.599940  12.799959      129
 13.600002  13.600038      129
 13.600060  14.399991      129
 13.600086  15.199931      129
 13.599976  15.999921      129
 13.600033  16.800017      129
 13.599918  17.600059      129
 13.599902  18.400024      129
 13.600079  19.200056      129
 13.600096  20.000059      129
 13.600046  20.799975      129
 14.400064 -20.000099      128
 14.399931 -19.200000      128
 14.400003 -18.399982      128
 14.399931 -17.599937      128
 14.400081 -16.800095      128
 14.399908 -16.000100      128
 14.400008 -15.199955      128
 14.399994 -14.399915      128
 14.400025 -13.600070      128
 14.400006 -12.799970      128
 14.400087 -11.999993      128
 14.400072 -11.200080      128
 14.399902 -10.400055      128
 14.400050  -9.600017      128
 14.399931  -8.799990      128
 14.399960  -8.000082      128
 14.399953  -7.199998      127
 14.400088  -6.399954      127
 14.400046  -5.600061      127
 14.400053  -4.799978      127
 14.399975  -3.999955      127
 14.400061  -3.200051      127
 14.400053  -2.399988      127
 14.399920  -1.600004      127
 14.400045  -0.800044      127
 14.399928   0.000078      127
 14.399984   0.800028      127
 14.399927   1.599944      127
 14.399908   2.400002      127
 14.399999   3.200077      127
 14.399971   3.999932      129
 14.399991   4.799928      129
 14.400069   5.600025      129
 14.400015   6.399988      129
 14.400030   7.199907      129
 14.399918   8.000083      129
 14.400069   8.800013      129
 14.400007   9.599933      129
 14.399987  10.400032      129
 14.400089  11.199953      129
 14.399944  12.000039      129
 14.400073  12.800018      129
 14.400066  13.599932      129
 14.399971  14.400070      129
 14.400082  15.200074      129
 14.400001  15.999934      129
 14.400003  16.800075      129
 14.399947  17.599970      129
 14.399930  18.399941      129
 14.399989  19.199964      129
 14.399930  20.000048      129
 14.400023  20.800014      129
 15.200099 -20.000099      128
 15.199953 -19.200094      128
 15.200018 -18.400047      128
 15.200056 -17.599968      128
 15.200044 -16.799900      128
 15.200079 -16.000003      128
 15.199934 -15.199975      128
 15.199964 -14.400007      128
 15.199945 -13.599969      128
 15.199996 -12.799986      128
 15.200064 -11.999918      128
 15.200067 -11.200087      128
 15.199946 -10.399930      128
 15.200078  -9.600089      128
 15.199967  -8.799903      128
 15.199912  -7.999969      128
 15.200095  -7.199905      127
 15.200051  -6.399966      127
 15.200011  -5.599912      127
 15.199969  -4.800015      127
 15.199999  -4.000032      127
 15.200089  -3.200053      127
 15.200033  -2.400040      127
 15.200017  -1.600097      127
 15.200050  -0.799945      127
 15.200008  -0.000012      127
 15.199987   0.800062      127
 15.200048   1.600006      127
 15.199984   2.400045      127
 15.199951   3.199919      127
 15.199919   3.999941      129
 15.199939   4.799944      129
 15.199907   5.600094      129
 15.200083   6.399940      129
 15.199919   7.200006      129
 15.200022   7.999954      129
 15.200095   8.799918      129
 15.199998   9.600002      129
 15.199948  10.400029      129
 15.199973  11.199991      129
 15.199951  11.999923      129
 15.199972  12.800032      129
 15.200012  13.600045      129
 15.199930  14.400063      129
 15.200089  15.200095      129
 15.200035  15.999911      129
 15.200012  16.799957      129
 15.199954  17.600013      129
 15.199982  18.400048      129
 15.199922  19.199940      129
 15.199911  19.999975      129
 15.199991  20.800029      129
 15.999978 -19.999971      128
 16.000036 -19.200070      128
 15.999910 -18.400006      128
 16.000061 -17.600044      128
 16.000037 -16.799907      128
 15.999957 -15.999965      128
 15.999973 -15.199997      128
 16.000082 -14.400069      128
 16.000021 -13.600009      128
 16.000048 -12.799998      128
 15.999911 -11.999922      128
 15.999917 -11.200068      128
 15.999928 -10.399951      128
 15.999983  -9.600056      128
 16.000067  -8.800063      128
 16.000035  -8.000028      128
 15.999921  -7.199914      127
 16.000023  -6.399921      127
 15.999902  -5.599925      127
 16.000059  -4.799908      127
 15.999962  -4.000095      127
 16.000038  -3.199944      127
 16.000065  -2.399970      127
 15.999934  -1.600017      127
 16.000073  -0.799934      127
 15.999969   0.000037      127
 16.000019   0.800065      127
 16.000028   1.600096      127
 15.999980   2.399902      127
 15.999957   3.200032      127
 16.000021   4.000089      129
 16.000070   4.800031      129
 16.000099   5.600023      129
 16.000058   6.399914      129
 15.999975   7.199925      129
 15.999958   7.999970      129
 15.999984   8.800070      129
 16.000049   9.600022      129
 16.000056  10.399953      129
 15.999979  11.200082      129
 16.000020  12.000012      129
 15.999993  12.800090      129
 15.999937  13.600095      129
 16.000051  14.399903      129
 16.000061  15.199942      129
 15.999911  15.999980      129
 15.999982  16.800042      129
 16.000087  17.599928      129
 15.999915  18.399908      129
 15.999974  19.199982      129
 16.000003  20.000025      129
 15.999940  20.799903      129
 16.799932 -20.000047      128
 16.800004 -19.199903      128
 16.800060 -18.400013      128
 16.800049 -17.600050      128
 16.800037 -16.799904      128
 16.799947 -15.999924      128
 16.800077 -15.200075      128
 16.799923 -14.400035      128
 16.800035 -13.599970      128
 16.800009 -12.799978      128
 16.800045 -11.999932      128
 16.799944 -11.199953      128
 16.799994 -10.399935      128
 16.800051  -9.600000      128
 16.799978  -8.800078      128
 16.799926  -8.000035      128
 16.800084  -7.200013      127
 16.799989  -6.400043      127
 16.799911  -5.599926      127
 16.799979  -4.799932      127
 16.799934  -4.000026      127
 16.800084  -3.199956      127
 16.800078  -2.399921      127
 16.800092  -1.599994      127
 16.799962  -0.800073      127
 16.799906   0.000081      127
 16.799905   0.799914      127
 16.799992   1.599954      127
 16.800059   2.399932      127
 16.799980   3.200020      127
 16.799972   4.000060      129
 16.799920   4.800061      129
 16.799928   5.599920      129
 16.799982   6.399970      129
 16.799965   7.200087      129
 16.799972   8.000067      129
 16.800040   8.800086      129
 16.800050   9.599976      129
 16.800011  10.400038      129
 16.800071  11.200066      129
 16.799983  12.000081      129
 16.799929  12.800003      129
 16.800050  13.599995      129
 16.800047  14.399965      129
 16.799918  15.199957      129
 16.799933  16.000088      129
 16.800007  16.799937      129
 16.800033  17.600021      129
 16.800052  18.399953      129
 16.800014  19.200033      129
 16.800083  20.000005      129
 16.800033  20.800056      129
 17.599941 -20.000092      128
 17.600042 -19.199911      128
 17.600016 -18.399968      128
 17.600045 -17.600016      128
 17.599996 -16.800058      128
 17.599997 -16.000084      128
 17.600026 -15.199903      128
 17.599951 -14.399937      128
 17.600026 -13.599996      128
 17.599933 -12.800092      128
 17.599974 -11.999911      128
 17.599992 -11.200081      128
 17.599910 -10.399927      128
 17.600061  -9.600092      128
 17.600018  -8.800092      128
 17.599900  -8.000066      128
 17.599986  -7.200076      127
 17.600054  -6.400035      127
 17.599999  -5.599941      127
 17.599905  -4.799976      127
 17.599990  -3.999954      127
 17.599998  -3.200088      127
 17.599950  -2.399912      127
 17.600100  -1.600100      127
 17.599993  -0.799956      127
 17.600029   0.000056      127
 17.599922   0.800006      127
 17.599975   1.599959      127
 17.600033   2.399934      127
 17.599935   3.200097      127
 17.600083   3.999983      127
 17.600035   4.799914      129
 17.600009   5.600007      129
 17.599922   6.400060      129
 17.600098   7.200095      129
 17.600081   7.999989      129
 17.600056   8.800002      129
 17.599981   9.600066      129
 17.599902  10.400021      129
 17.600096  11.199923      129
 17.599935  12.000023      129
 17.600023  12.800007      129
 17.599961  13.599929      129
 17.599961  14.399971      129
 17.600055  15.200068      129
 17.600029  16.000035      129
 17.599901  16.800052      129
 17.600022  17.600009      129
 17.600042  18.400050      129
 17.600009  19.199980      129
 17.600018  20.000046      129
 18.399935 -20.000042      128
 18.399941 -19.200011      128
 18.400069 -18.399958      128
 18.399985 -17.599924      128
 18.399996 -16.799929      128
 18.399909 -15.999980      128
 18.399963 -15.200026      128
 18.399948 -14.400010      128
 18.400094 -13.600095      128
 18.399963 -12.800019      128
 18.400039 -11.999951      128
 18.400060 -11.200097      128
 18.399968 -10.399960      128
 18.400036  -9.599954      128
 18.400031  -8.799920      128
 18.399946  -7.999952      128
 18.399949  -7.199971      127
 18.400087  -6.400048      127
 18.399974  -5.599981      127
 18.399958  -4.799963      127
 18.400030  -3.999979      127
 18.400024  -3.199951      127
 18.400040  -2.400080      127
 18.400004  -1.599983      127
 18.400099  -0.799901      127
 18.400049  -0.000006      127
 18.399942   0.799981      127
 18.399943   1.599909      127
 18.399943   2.400005      127
 18.399948   3.200095      127
 18.399949   4.000094      127
 18.399922   4.800059      129
 18.400023   5.600036      129
 18.399961   6.399918      129
 18.399904   7.200097      129
 18.400026   7.999943      129
 18.400069   8.799983      129
 18.400097   9.600046      129
 18.399919  10.399945      129
 18.400077  11.199962      129
 18.399955  12.000095      129
 18.400026  12.799936      129
 18.400071  13.600020      129
 18.400088  14.400033      129
 18.399932  15.200079      129
 18.399931  16.000041      129
 18.399986  16.800066      129
 18.400060  17.600020      129
 18.400090  18.399960      129
 18.400067  19.199994      129
 18.400014  19.999976      129
 19.200092 -20.000011      128
 19.199920 -19.200045      128
 19.199957 -18.400006      128
 19.199974 -17.599932      128
 19.199973 -16.800050      128
 19.199946 -15.999996      128
 19.200002 -15.199944      128
 19.200092 -14.399958      128
 19.199961 -13.600002      128
 19.199904 -12.799950      128
 19.200099 -12.000017      128
 19.200060 -11.199956      128
 19.200059 -10.399954      128
 19.200084  -9.599920      128
 19.199980  -8.799945      128
 19.200058  -7.999956      127
 19.200006  -7.199929      127
 19.200092  -6.399967      127
 19.200065  -5.600080      127
 19.200026  -4.799973      127
 19.200034  -4.000060      127
 19.199935  -3.200067      127
 19.200036  -2.400083      127
 19.200057  -1.599938      127
 19.199928  -0.800019      127
 19.199965  -0.000045      127
 19.200039   0.799965      127
 19.199969   1.599959      127
 19.200033   2.400075      127
 19.200045   3.200047      127
 19.200008   3.999963      127
 19.199947   4.800035      129
 19.199924   5.600089      129
 19.200093   6.399905      129
 19.200099   7.200001      129
 19.200068   7.999904      129
 19.200055   8.799913      129
 19.199902   9.599994      129
 19.199998  10.399936      129
 19.200040  11.199958      129
 19.199905  12.000094      129
 19.200002  12.799963      129
 19.200087  13.600097      129
 19.200084  14.400025      129
 19.199968  15.199920      129
 19.199916  16.000066      129
 19.200069  16.800080      129
 19.199942  17.599924      129
 19.200092  18.400026      129
 19.199940  19.199992      129
 19.199999  20.000018      129
 20.000006 -20.799930      128
 20.000040 -20.000000      128
 20.000030 -19.200037      128
 20.000034 -18.400021      128
 19.999910 -17.600055      128
 19.999945 -16.800097      128
 20.000097 -15.999996      128
 19.999933 -15.200060      128
 20.000036 -14.399910      128
 20.000079 -13.600097      128
 20.000038 -12.800087      128
 20.000096 -11.999957      128
 20.000049 -11.199908      128
 20.000026 -10.399994      128
 20.000092  -9.599927      128
 19.999903  -8.799992      128
 20.000057  -7.999914      127
 19.999966  -7.199928      127
 19.999919  -6.400008      127
 20.000024  -5.599983      127
 20.000062  -4.800037      127
 20.000053  -4.000022      127
 20.000021  -3.199954      127
 20.000099  -2.399903      127
 19.999961  -1.599931      127
 20.000036  -0.800011      127
 20.000044  -0.000062      127
 19.999965   0.799986      127
 20.000040   1.600040      127
 19.999904   2.399963      127
 19.999930   3.199951      127
 19.999999   4.000079      127
 19.999902   4.800057      129
 20.000029   5.600010      129
 20.000091   6.399942      129
 19.999933   7.199901      129
 19.999913   7.999933      129
 19.999956   8.800004      129
 19.999975   9.600015      129
 19.999907  10.399952      129
 19.999912  11.200025      129
 20.000030  11.999926      129
 19.999972  12.799944      129
 20.000082  13.599968      129
 20.000089  14.400033      129
 20.000002  15.199915      129
 20.000013  16.000032      129
 19.999933  16.800021      129
 19.999956  17.600009      129
 19.999939  18.399944      129
 20.000064  19.200006      129
 20.000086  20.000077      129
 20.799942 -20.799996      128
 20.799902 -19.999905      128
 20.799925 -19.200063      128
 20.799968 -18.400029      128
 20.799966 -17.600047      128
 20.799946 -16.799990      128
 20.799981 -16.000071      128
 20.799941 -15.199949      128
 20.800087 -14.399939      128
 20.799962 -13.599957      128
 20.799983 -12.800055      128
 20.800094 -11.999991      128
 20.800026 -11.199994      128
 20.799939 -10.400061      128
 20.799902  -9.600041      128
 20.799986  -8.800013      128
 20.800084  -7.999953      127
 20.799943  -7.199985      127
 20.800074  -6.399995      127
 20.799947  -5.600043      127
 20.799964  -4.800052      127
 20.800011  -4.000012      127
 20.799985  -3.199909      127
 20.799938  -2.400013      127
 20.799940  -1.599981      127
 20.799994  -0.800036      127
 20.800097  -0.000011      127
 20.799906   0.799943      127
 20.799980   1.599990      127
 20.800004   2.399988      127
 20.800080   3.199982      127
 20.800028   3.999976      127
 20.799945   4.799971      129
 20.800026   5.600090      129
 20.800096   6.399977      129
 20.799961   7.200056      129
 20.799976   7.999922      129
 20.799945   8.799996      129
 20.800066   9.599984      129
 20.800025  10.400072      129
 20.799910  11.200020      129
 20.800007  11.999930      129
 20.799963  12.800031      129
 20.800047  13.600061      129
 20.800091  14.400031      129
 20.799920  15.200055      129
 20.799953  16.000052      129
 20.800009  16.800041      129
 20.799999  17.599980      129
 20.799924  18.399901      129
 20.799964  19.199919      129
 20.799935  20.000045      129
 21.600001 -20.799939      128
 21.600093 -19.999983      128
 21.600085 -19.199929      128
 21.600037 -18.400009      128
 21.600058 -17.599978      128
 21.599977 -16.800087      128
 21.600005 -16.000069      128
 21.599994 -15.200048      128
 21.599981 -14.400027      128
 21.599925 -13.599976      128
 21.600040 -12.799942      128
 21.599916 -12.000068      128
 21.599995 -11.199980      128
 21.600065 -10.399952      128
 21.599964  -9.600003      128
 21.600078  -8.799905      128
 21.600021  -7.999916      127
 21.599961  -7.199998      127
 21.600024  -6.399940      127
 21.600045  -5.600091      127
 21.600017  -4.799937      127
 21.599957  -3.999994      127
 21.600051  -3.199974      127
 21.599971  -2.400018      127
 21.599998  -1.599963      127
 21.600025  -0.799995      127
 21.599925  -0.000002      127
 21.599901   0.799983      127
 21.599915   1.600059      127
 21.599991   2.399930      127
 21.600023   3.199945      127
 21.600081   4.000067      127
 21.600023   4.799987      129
 21.600056   5.599989      129
 21.600023   6.400095      129
 21.599953   7.199978      129
 21.599987   7.999956      129
 21.599932   8.799970      129
 21.599988   9.600033      129
 21.600019  10.400027      129
 21.600068  11.199993      129
 21.600083  12.000099      129
 21.599984  12.800009      129
 21.599916  13.600087      129
 21.600057  14.400077      129
 21.599906  15.200048      129
 21.600033  16.000091      129
 21.599979  16.799926      129
 21.599953  17.600068      129
 21.600080  18.400087      129
 21.600042  19.200035      129
 21.599939  20.000014      129
 22.400035 -19.999938      128
 22.399904 -19.199913      128
 22.399941 -18.400049      128
 22.400008 -17.600011      128
 22.400074 -16.799947      128
 22.400029 -16.000032      128
 22.399927 -15.199939      128
 22.400051 -14.399901      128
 22.400001 -13.600022      128
 22.400015 -12.800096      128
 22.400070 -12.000061      128
 22.400081 -11.200085      128
 22.400026 -10.400035      128
 22.399982  -9.600008      128
 22.399984  -8.800094      128
 22.400072  -8.000088      127
 22.400024  -7.199909      127
 22.400001  -6.400045      127
 22.399962  -5.600009      127
 22.399992  -4.800052      127
 22.399968  -4.000051      127
 22.399922  -3.199997      127
 22.400048  -2.399945      127
 22.399933  -1.599961      127
 22.400007  -0.800024      127
 22.399945  -0.000056      127
 22.399963   0.799979      127
 22.399913   1.600000      127
 22.399995   2.400075      127
 22.399989   3.200043      127
 22.400082   3.999928      127
 22.400056   4.800004      129
 22.400035   5.599973      129
 22.399920   6.399947      129
 22.399945   7.200042      129
 22.400011   8.000061      129
 22.400073   8.800039      129
 22.399952   9.599931      129
 22.399972  10.400053      129
 22.400089  11.200024      129
 22.400031  12.000084      129
 22.399915  12.799989      129
 22.400062  13.599986      129
 22.400022  14.399901      129
 22.400084  15.200024      129
 22.400092  15.999988      129
 22.400090  16.799991      129
 22.399982  17.599937      129
 22.399930  18.399987      129
 22.399951  19.199950      129
 22.399994  19.999912      129
 23.199949 -20.000029      128
 23.200010 -19.199989      128
 23.199940 -18.400042      128
 23.200023 -17.600031      128
 23.200010 -16.799965      128
 23.199985 -16.000059      128
 23.199971 -15.199986      128
 23.200059 -14.400000      128
 23.199975 -13.599938      128
 23.200020 -12.799947      128
 23.200097 -12.000067      128
 23.199935 -11.199930      128
 23.200063 -10.399906      128
 23.200044  -9.599969      128
 23.199970  -8.799932      128
 23.200048  -7.999990      127
 23.200005  -7.200081      127
 23.200061  -6.400028      127
 23.199965  -5.600090      127
 23.200075  -4.800066      127
 23.199951  -4.000083      127
 23.199934  -3.200086      127
 23.200082  -2.399926      127
 23.200014  -1.599914      127
 23.200083  -0.800008      127
 23.200052  -0.000080      127
 23.199923   0.799919      127
 23.200059   1.600021      127
 23.199965   2.400044      127
 23.200008   3.200093      127
 23.199906   3.999949      127
 23.200084   4.799983      129
 23.199953   5.599932      129
 23.200020   6.400064      129
 23.200086   7.199994      129
 23.199963   7.999993      129
 23.199959   8.799914      129
 23.200061   9.600009      129
 23.199966  10.400032      129
 23.200043  11.200043      129
 23.200047  12.000086      129
 23.199946  12.799922      129
 23.200005  13.600009      129
 23.200093  14.400052      129
 23.199914  15.200066      129
 23.200032  16.000077      129
 23.199926  16.800095      129
 23.199998  17.600077      129
 23.199925  18.399934      129
 23.200034  19.200070      129
 23.200001  19.999985      129
 23.999967 -18.399911      128
 23.999926 -17.600064      128
 23.999982 -16.799940      128
 24.000045 -15.999915      128
 24.000056 -15.200036      128
 24.000043 -14.400067      128
 24.000100 -13.600016      128
 23.999969 -12.800085      128
 24.000035 -11.999926      128
 24.000091 -11.200096      128
 23.999989 -10.400032      128
 23.999923  -9.600059      128
 23.999965  -8.800065      128
 24.000057  -8.000058      127
 23.999985  -7.199944      127
 24.000043  -6.400038      127
 24.000027  -5.599996      127
 23.999991  -4.800042      127
 24.000030  -4.000007      127
 24.000025  -3.200087      127
 24.000037  -2.400002      127
 24.000042  -1.600008      127
 24.000084  -0.800093      127
 23.999931  -0.000066      127
 24.000005   0.800000      127
 23.999967   1.600083      127
 23.999901   2.400049      127
 23.999907   3.200020      127
 24.000001   3.999967      127
 24.000046   4.799956      129
 24.000056   5.600034      129
 24.000042   6.400028      129
 24.000066   7.200098      129
 24.000083   8.000009      129
 23.999967   8.799906      129
 24.000078   9.600021      129
 24.000051  10.400022      129
 24.000030  11.199973      129
 24.000063  11.999918      129
 23.999934  12.799901      129
 23.999981  13.600048      129
 23.999919  14.399905      129
 24.000047  15.199967      129
 23.999980  16.000031      129
 23.999910  16.800006      129
 23.999901  17.600009      129
 24.000066  18.400052      129
 23.999936  19.200040      129
 24.000079  20.000074      129
 24.799942  -8.800040      128
 24.799965  -8.000036      127
 24.799915  -7.199929      127
 24.799983  -6.400025      127
 24.799964  -5.600055      127
 24.799962  -4.800072      127
 24.800040  -3.999904      127
 24.799986  -3.200063      127
 24.799955  -2.399994      127
 24.800054  -1.600037      127
 24.799983  -0.800030      127
 24.799945   0.000018      127
 24.799931   0.799997      127
 24.800071   1.600038      127
 24.799917   2.400017      127
 24.800097   3.199995      127
 24.800031   4.000087      129
 24.800010   4.800053      129
 24.799921   5.599965      129
 24.800057   6.400079      129
 24.800014   7.199919      129
 24.799987   8.000095      129
 24.800092   8.799985      129
 24.799945   9.600031      129
 24.800039  10.399972      129
 24.800055  11.199912      129
 24.799925  12.000015      129
 24.800030  12.799956      129
 24.799944  13.600064      129
 24.799906  14.400019      129
 24.799991  15.200094      129
 24.799986  16.000032      129
 24.799926  16.800047      129
 24.799961  17.600056      129
 24.800021  18.400060      129
 24.799924  19.200013      129
 24.800000  20.000055      129
 25.599973   0.000045      127
 25.600055   0.800071      127
 25.600010   1.600076      127
 25.600024   2.399969      127
 25.599944   3.200029      127
 25.600009   4.000020      129
 25.600050   4.800057      129
 25.600005   5.599978      129
 25.599929   6.400035      129
 25.600081   7.200064      129
 25.599981   7.999903      129
 25.600033   8.800010      129
 25.600053   9.600056      129
 25.600088  10.399978      129
 25.600065  11.199902      129
 25.599982  11.999984      129
 25.599926  12.799973      129
 25.600027  13.600021      129
 25.600072  14.400022      129
 25.599934  15.199907      129
 25.599972  16.000052      129
 25.599912  16.800090      129
 25.599951  17.599962      129
 25.600065  18.399935      129
 25.600048  19.200080      129
 25.600094  19.999967      129
 26.399939   8.800099      129
 26.399985   9.599970      129
 26.399939  10.400036      129
 26.400057  11.199926      129
 26.399970  12.000065      129
 26.400017  12.800034      129
